#type       avg     std     min      p5     p10     p50     p67     p75     p80     p85     p90     p95     p99    p999   p9999      QPS   target       ts_start         ts_end
read      258.1   201.5    80.4   137.4   152.2   237.3   279.4   303.4   320.4   342.4   371.1   421.4   545.9  2278.7  9835.8  29943.7    30000  1684255305241  1684255315373
read      270.4   250.1    86.8   143.0   159.6   249.8   292.4   316.2   333.9   355.1   384.4   433.3   563.3  2138.5 12354.2  29913.1    30005  1684255316880  1684255326999
read      272.3   217.0    80.4   145.7   162.4   252.1   293.8   317.4   335.4   357.2   387.2   436.6   570.1  2277.8 10166.5  30024.6    30010  1684255328507  1684255338613
read      263.9   189.7    86.8   145.5   161.1   245.4   286.1   308.9   325.4   345.4   373.1   421.0   542.0  1823.2  8138.1  30019.1    30015  1684255340122  1684255350224
read      284.6   239.2    86.8   148.3   165.6   263.1   309.4   335.1   354.2   377.9   411.7   465.5   592.0  1989.3 12067.1  29983.5    30020  1684255351733  1684255361835
read      269.1   202.5    86.8   141.1   157.9   248.6   292.6   317.2   335.7   358.1   389.0   441.1   565.9  2048.0  8621.7  30142.7    30025  1684255363340  1684255373450
read      264.3   217.6    86.8   139.8   155.4   243.2   286.4   311.2   329.1   350.1   379.0   428.6   549.9  2256.5  9340.0  29964.6    30030  1684255374959  1684255385062
read      265.5   210.0    86.8   144.3   159.8   244.7   286.1   309.6   326.7   347.5   377.7   429.9   567.4  2026.7  8570.6  30074.0    30035  1684255386569  1684255396677
read      266.8   195.9    80.4   141.4   157.6   246.9   290.5   315.1   333.2   355.1   385.3   435.5   567.7  1469.7  8750.5  30038.2    30040  1684255398187  1684255408294
read      266.0   196.9    86.8   140.1   155.7   244.5   288.5   313.7   332.4   354.9   386.0   437.3   567.5  1982.0  8780.5  30089.7    30045  1684255409799  1684255419906
read      271.1   216.9    86.8   142.8   159.4   250.6   294.9   319.4   338.1   360.5   390.7   441.9   575.2  1696.5 10434.6  30007.4    30050  1684255421412  1684255431514
read      257.4   209.4    86.8   141.5   155.6   233.1   273.8   298.0   316.6   339.4   369.7   423.8   571.8  2236.6  9564.2  30162.1    30055  1684255433024  1684255443133
read      261.7   200.4    86.8   144.1   159.2   240.4   281.2   305.1   321.9   343.6   373.3   425.8   548.7  2015.0 10139.5  30046.1    30060  1684255444645  1684255454750
read      268.8   228.0    86.8   146.4   161.5   246.7   289.4   313.4   331.3   353.0   383.3   433.6   566.8  2389.2 10243.4  30100.6    30065  1684255456260  1684255466367
read      280.9   231.0    86.8   148.4   164.7   258.6   304.0   329.4   347.6   371.8   403.6   458.6   586.2  2557.3  9981.4  30152.0    30070  1684255467873  1684255477975
read      262.8   193.9    86.8   141.8   157.2   242.1   285.1   309.5   327.3   348.5   378.5   430.0   557.2  1708.9  8073.6  30064.4    30075  1684255479481  1684255489589
read      268.9   179.3    86.8   145.2   161.2   249.3   292.3   316.7   335.1   357.3   387.6   439.1   567.5  1377.1  8097.9  30163.6    30080  1684255491099  1684255501206
read      270.5   219.8    86.8   144.9   161.4   250.9   293.6   317.8   336.2   358.4   388.6   436.9   562.3  1480.6  9765.6  30133.9    30085  1684255502716  1684255512832
read      266.7   214.7    86.8   143.4   160.1   247.2   287.8   310.7   327.6   347.8   377.5   428.3   549.4  2072.2  8368.8  30178.5    30090  1684255514338  1684255524449
read      271.1   230.2    80.4   145.2   161.7   250.7   292.8   316.8   334.5   355.8   385.4   435.6   565.0  2329.0 10217.9  30184.6    30095  1684255525956  1684255536064
read      274.7   194.0    86.8   147.2   163.9   254.8   297.7   322.3   341.0   363.6   394.0   445.3   579.8  1770.8  8348.1  30112.2    30100  1684255537574  1684255547682
read      267.2   230.0    86.8   144.8   160.9   243.9   285.0   309.0   326.7   348.3   379.4   431.5   577.3  2619.8  9694.5  30147.4    30105  1684255549191  1684255559308
read      260.4   215.9    86.8   140.5   155.4   238.0   279.4   303.4   320.3   342.2   371.6   423.4   564.2  1936.2  9458.4  30199.9    30110  1684255560817  1684255570929
read      270.2   223.5    86.8   144.7   159.5   245.8   290.5   316.3   335.5   358.6   388.8   435.4   574.8  3164.7  9630.6  30111.0    30115  1684255572436  1684255582544
read      295.7   366.9    86.8   147.6   162.8   252.8   298.2   324.0   343.5   367.6   399.6   458.8   984.8  5681.5 13086.4  30183.5    30120  1684255584052  1684255594161
read      283.9   315.7    86.8   146.7   162.2   250.6   293.9   318.1   336.7   359.3   390.1   444.2   663.4  4317.2 10619.2  30107.1    30125  1684255595671  1684255605773
read      283.5   350.0    80.4   138.4   153.2   240.8   286.7   313.6   334.3   360.5   397.7   466.3   877.9  5541.6 11606.4  30175.9    30130  1684255607282  1684255617385
read      447.8   889.3    86.8   153.1   170.7   279.2   337.9   375.4   406.7   451.1   526.3   970.7  4530.5 10045.6 23891.8  30049.2    30135  1684255618892  1684255629000
read      454.7   923.1    93.8   151.0   167.0   268.7   324.1   362.8   396.8   450.8   565.8  1180.5  4448.2  9662.2 24419.8  30166.9    30140  1684255630506  1684255640614
read      317.6   570.4    86.8   145.7   160.4   249.2   296.0   324.1   345.5   373.0   414.6   507.1  1868.1  7358.6 22027.8  30181.8    30145  1684255642129  1684255652234
read      305.0   363.7    86.8   148.7   163.9   259.3   307.3   335.0   356.0   382.6   420.6   493.6  1233.4  4942.6 12531.1  30217.3    30150  1684255653743  1684255663851
read      275.8   554.8    86.8   140.6   153.5   230.5   271.5   296.4   315.9   340.2   373.4   437.5   897.2  5236.9 32467.8  30115.8    30155  1684255665358  1684255675462
read      292.7   443.4    93.8   146.7   161.3   247.1   290.4   315.7   335.1   358.7   390.8   450.0  1052.9  5986.8 15335.7  30203.4    30160  1684255676969  1684255687091
read      315.8   462.5    86.8   148.3   163.9   263.1   313.3   342.3   364.8   392.9   433.1   516.2  1152.3  6583.3 16144.1  30045.9    30165  1684255688599  1684255698708
read      566.8  1272.2    93.8   154.0   173.0   294.5   359.6   400.6   435.1   485.6   585.0  1962.8  6816.8 15309.7 25268.3  29816.2    30170  1684255700217  1684255710323
read      885.1  1829.8    93.8   176.5   200.9   327.0   391.0   436.7   489.2   636.2  2949.4  4402.1  8267.4 19193.4 40902.8  29450.5    30175  1684255711834  1684255721937
read      824.9  1505.4    86.8   171.7   194.0   310.2   367.3   410.4   460.0   654.8  2870.8  4056.1  6599.1 13019.0 24299.3  30040.8    30180  1684255723445  1684255733556
read     2039.0 50950.9    86.8   179.7   203.7   337.9   399.6   444.2   489.8   601.0  2942.0  4439.1  8514.0 24181.5 2375472.6  23951.1    30185  1684255735065  1684255745168
read      884.0  1618.5    93.8   187.4   212.2   347.2   420.1   468.7   516.6   625.5  3450.1  4234.3  8139.5 14470.5 24478.5  29118.8    30190  1684255746676  1684255756785
read      839.6  1586.0    93.8   186.8   211.4   347.9   422.4   468.7   510.3   588.6  2626.4  4247.1  8227.5 13990.5 24574.6  30010.9    30195  1684255758295  1684255768400
read      803.3  1415.4    93.8   174.2   196.5   314.2   367.2   403.3   441.1   538.0  2819.3  4020.8  6137.2 10807.6 20033.9  30036.3    30200  1684255769907  1684255780017
read      791.8  1412.0    93.8   180.8   204.3   334.4   402.0   447.0   486.9   561.9  2580.9  4033.3  6387.2 11476.3 20280.4  30234.9    30205  1684255781524  1684255791631
read      810.6  1453.3    93.8   182.3   205.8   335.8   401.4   445.4   486.0   567.3  2696.0  4068.3  6669.7 10945.9 20240.3  30127.7    30210  1684255793141  1684255803242
read      802.1  1423.0    86.8   174.0   196.3   320.4   378.4   419.1   457.9   542.9  2782.0  4036.3  6219.1 10483.9 20294.3  30227.2    30215  1684255804752  1684255814857
read      804.2  1435.2    86.8   172.3   194.2   310.9   364.6   401.0   436.9   530.4  2825.4  4027.1  6267.7 10348.0 20168.0  30204.7    30220  1684255816366  1684255826484
read      851.7  1532.6    93.8   188.2   211.8   348.1   425.3   475.5   523.8   626.9  2768.3  4294.5  7326.9 12904.3 22954.4  29300.3    30225  1684255827990  1684255838100
read      804.6  1447.0    93.8   178.9   202.5   332.5   401.2   448.3   491.9   583.4  2631.8  4055.3  6419.4 12165.7 24918.9  30057.9    30230  1684255839606  1684255849713
read      788.7  1411.7    93.8   174.5   196.3   318.5   379.0   420.0   458.3   540.7  2650.0  4003.9  6249.1 11929.3 20633.4  30160.5    30235  1684255851223  1684255861336
read      800.9  1426.5    93.8   187.3   210.9   345.8   423.9   471.7   515.6   591.2  2375.2  4100.4  6634.9 11078.1 20584.3  30190.1    30240  1684255862845  1684255872954
read      793.1  1432.2    93.8   175.1   196.7   318.6   380.7   421.5   459.1   537.8  2672.1  4016.3  6343.5 12503.6 20269.4  30288.1    30245  1684255874460  1684255884565
read      792.2  1389.1    93.8   174.2   196.1   319.3   377.2   417.2   455.3   545.0  2721.8  4014.8  6134.3 10309.5 20167.3  30221.0    30250  1684255886074  1684255896181
read      805.0  1455.9    93.8   187.4   211.4   345.6   417.3   462.2   501.3   570.8  2474.0  4076.8  6837.1 12081.2 20400.9  30126.0    30255  1684255897690  1684255907790
read      997.4  1717.3    93.8   200.8   227.3   370.5   462.6   529.8   592.8   867.0  3871.4  4399.9  8332.3 14666.9 21554.9  26727.6    30260  1684255909297  1684255919400
read     1070.4  1776.5    93.8   179.8   205.6   335.8   400.3   458.7   555.5  3677.9  3924.9  4179.2  8295.9 15148.7 21527.1  25162.6    30265  1684255920908  1684255931012
read     1090.7  1800.4    93.8   179.4   206.0   333.5   394.3   448.8   565.8  3780.3  3934.5  4191.9  8332.5 15676.6 21706.9  24704.6    30270  1684255932520  1684255942624
read      992.8  1733.0    93.8   184.5   209.8   342.7   412.2   465.9   530.3  2629.0  3876.5  4188.4  8318.6 15399.1 24233.4  27065.8    30275  1684255944135  1684255954236
read     1047.7  1771.7    86.8   175.5   203.7   314.1   367.0   417.9   508.1  3660.8  3923.5  4164.0  8271.5 15637.2 24923.6  25701.9    30280  1684255955745  1684255965850
read      978.6  1728.0    93.8   184.4   208.6   350.1   413.9   459.3   506.2  2300.7  3873.6  4246.1  8373.3 14873.1 24362.3  27423.6    30285  1684255967360  1684255977467
read      951.7  1724.1    93.8   183.0   206.7   338.0   403.2   451.6   500.5   720.8  3845.2  4166.5  8355.5 15979.4 23993.5  27951.2    30290  1684255978974  1684255989075
read     1050.0  1797.9    86.8   202.4   226.6   376.8   463.3   521.5   583.4  2665.5  3899.6  4331.8  8459.9 15620.6 21668.6  25542.4    30295  1684255990582  1684256000689
read     1107.2  1821.6    93.8   181.7   207.7   350.0   419.0   479.2   602.1  3783.9  3938.6  4234.1  8344.1 16129.3 25297.0  24367.8    30300  1684256002200  1684256012310
read     1029.4  1801.7    93.8   188.5   213.7   356.5   425.3   473.7   533.2  2679.4  3897.0  4220.4  8440.0 16113.7 24285.4  26242.9    30305  1684256013821  1684256023930
read     1024.2  1751.5    93.8   179.3   204.5   331.1   394.1   444.6   507.5  2850.6  3907.1  4159.0  8336.9 14104.3 24125.4  26135.7    30310  1684256025437  1684256035561
read     1032.8  1750.4    93.8   183.6   208.6   341.0   408.3   463.1   534.1  2879.5  3912.0  4219.7  8276.5 15573.7 21634.9  26020.9    30315  1684256037068  1684256047176
read      982.4  1745.4    93.8   181.2   206.3   332.1   395.1   442.9   497.7  2595.4  3876.1  4202.0  8371.9 15465.4 21452.7  27409.2    30320  1684256048685  1684256058795
read      983.0  1745.3    93.8   187.1   210.3   348.4   413.8   460.8   508.3  2483.7  3866.5  4178.8  8407.7 15243.4 24518.3  27319.2    30325  1684256060304  1684256070414
read     1063.8  1819.0    93.8   180.5   205.7   344.5   407.9   460.5   537.1  3380.0  3917.6  4206.7  8436.8 16059.1 24806.7  25408.5    30330  1684256071924  1684256082032
read     1050.2  1782.8    93.8   177.5   203.1   332.5   393.1   442.7   517.8  3515.4  3918.0  4144.7  8370.9 14763.4 22649.4  25548.7    30335  1684256083537  1684256093649
read     1468.4  1966.5    93.8   188.5   217.1   371.3   505.0  3632.9  3846.2  3927.9  4009.6  4234.5  8361.1 16310.1 20879.1  18493.3    30340  1684256095157  1684256105257
read     1319.8  1957.1    93.8   185.8   213.5   352.1   442.0  1432.4  3780.3  3882.4  3984.6  4199.1  8401.2 16687.6 23510.0  20566.6    30345  1684256106767  1684256116872
read     1270.0  1957.5    86.8   177.2   204.3   330.4   404.8   539.4  3659.0  3869.8  3975.2  4157.6  8431.5 16607.1 24266.4  21422.4    30350  1684256118382  1684256128491
read     1204.9  1933.0    93.8   188.6   214.9   361.8   434.0   507.9  2622.8  3826.8  3959.6  4238.8  8498.1 16618.0 22102.1  22528.5    30355  1684256129997  1684256140101
read     1390.5  1967.7    86.8   184.1   210.9   363.9   461.7  2694.9  3815.0  3905.0  3994.9  4192.8  8413.2 16705.2 24359.9  19493.1    30360  1684256141608  1684256151717
read     1171.9  1897.6    93.8   187.6   213.0   349.0   425.7   500.6  2571.1  3812.1  3950.1  4204.2  8449.8 16562.2 22372.9  23195.4    30365  1684256153227  1684256163335
read     1137.7  1838.3    93.8   189.4   215.5   356.1   429.8   497.6   720.1  3798.2  3945.9  4234.4  8308.5 16320.9 21948.7  23822.2    30370  1684256164845  1684256174949
read     1192.5  1888.1    93.8   191.1   217.2   362.8   441.4   520.9  2612.2  3825.2  3959.2  4253.4  8429.9 16071.7 23594.7  22703.8    30375  1684256176457  1684256186569
read     1097.1  1830.6    93.8   189.4   214.3   352.0   425.7   485.8   587.2  3642.7  3921.3  4163.9  8399.1 16515.8 24431.5  24683.2    30380  1684256188076  1684256198181
read     1226.0  1898.1    93.8   194.2   220.3   371.1   458.8   550.4  2700.8  3841.1  3964.8  4212.0  8439.5 16688.1 22020.9  22095.6    30385  1684256199688  1684256209794
read     1645.3  2105.4    86.8   185.4   218.0   361.0  2611.0  3821.2  3887.3  3953.5  4019.6  4204.6  8485.8 17600.1 24951.4  16617.4    30390  1684256211304  1684256221408
read     1200.9  1942.2    93.8   195.1   220.9   367.7   455.2   533.7  2578.6  3818.6  3955.8  4238.6  8481.1 16934.1 24411.4  22660.8    30395  1684256222916  1684256233023
read      947.4  1717.7    86.8   175.1   203.3   302.4   345.7   382.0   426.0  2612.3  3868.7  4089.6  8298.4 14856.6 25022.8  28410.9    30400  1684256234528  1684256244637
read      850.9  1566.8    93.8   172.0   195.3   281.1   321.4   355.6   393.1   550.5  3778.1  4045.8  7049.3 13240.0 20625.2  30421.5    30405  1684256246144  1684256256253
read      827.7  1498.9    86.8   170.1   193.3   297.5   346.1   384.3   424.6   545.5  3293.6  4023.3  6486.1 11802.0 20460.8  30243.3    30410  1684256257760  1684256267867
read      834.2  1555.7    86.8   183.4   207.3   328.3   393.6   436.9   477.9   555.6  2741.8  4067.5  7954.7 14222.9 23609.4  30341.3    30415  1684256269376  1684256279484
read      873.0  1619.6    93.8   184.4   209.1   332.2   392.6   433.7   471.7   559.5  3576.9  4154.6  8258.6 14338.6 22016.5  30087.8    30420  1684256280993  1684256291099
read      958.2  1705.9    93.8   177.7   204.5   311.6   360.4   399.4   450.0  2622.4  3862.9  4071.5  8280.6 15076.4 21566.2  27943.5    30425  1684256292606  1684256302714
read      849.0  1567.8    93.8   190.1   215.1   335.9   405.8   453.7   495.8   575.1  2816.4  4070.0  8159.1 13316.3 20493.2  30166.1    30430  1684256304223  1684256314336
read      853.3  1597.2    86.8   171.6   195.9   299.3   342.8   375.4   410.6   512.6  3772.7  4051.3  8045.4 13384.7 21696.3  30302.6    30435  1684256315848  1684256325959
read      808.4  1483.4    93.8   173.7   195.9   309.8   362.2   398.1   433.4   515.2  2749.5  4031.2  6721.2 11457.4 21280.1  30389.3    30440  1684256327468  1684256337576
read      843.1  1570.9    86.8   175.7   198.7   313.4   368.0   406.4   446.6   536.4  3244.0  4055.1  8044.3 13516.5 23621.0  30288.6    30445  1684256339082  1684256349191
read      313.0   558.0    86.8   137.6   153.0   241.7   281.6   303.3   318.7   338.9   367.3   423.9  3776.6  8150.2 14238.6  30481.1    30450  1684256350697  1684256360803
read      251.9   162.6    86.8   138.3   153.4   237.1   274.1   294.7   309.8   327.2   351.2   395.8   508.8  1767.3  7052.7  30464.5    30455  1684256362313  1684256372421
read      257.7   194.1    86.8   140.3   154.9   239.7   280.3   302.6   318.5   338.1   364.3   406.3   517.4  2067.8  8126.9  30467.2    30460  1684256373931  1684256384037
read      267.2   216.6    80.4   140.5   156.8   248.4   291.0   314.4   331.7   352.2   381.2   430.3   546.5  2198.2 10169.0  30442.3    30465  1684256385544  1684256395657
