#type       avg     std     min      p5     p10     p50     p67     p75     p80     p85     p90     p95     p99    p999   p9999      QPS   target       ts_start         ts_end
read      201.6   192.7    74.4   111.8   121.5   179.2   211.0   231.2   248.0   270.0   299.7   338.1   421.5  2073.6  8344.2  29961.5    30000  1684503814550  1684503824683
read      210.0   186.6    74.4   112.7   124.4   190.4   223.9   244.4   261.0   282.5   310.5   347.8   436.1  1652.5  8575.4  29950.5    30005  1684503826188  1684503836309
read      247.1   477.3    74.4   112.2   122.3   183.9   219.4   242.6   262.2   287.8   320.5   376.3  1618.0  6661.4 15425.1  29908.7    30010  1684503837815  1684503847916
read      225.8   410.7    74.4   111.5   121.1   180.0   213.6   234.3   252.0   275.0   305.8   346.0   768.3  6016.1 15742.0  29957.8    30015  1684503849424  1684503859527
read      218.6   387.6    74.4   109.5   118.9   178.0   211.2   231.9   249.1   272.1   302.1   340.3   525.1  6812.5 12555.1  30016.4    30020  1684503861035  1684503871139
read      218.1   366.9    74.4   110.8   119.9   177.5   211.3   232.6   250.4   273.9   305.4   344.4   552.3  6106.3 12702.2  30019.5    30025  1684503872645  1684503882751
read      217.3   357.3    74.4   111.6   121.4   182.4   216.0   236.0   253.2   275.5   305.7   343.2   451.9  5447.9 12234.6  30136.1    30030  1684503884258  1684503894363
read      211.9   365.0    74.4   110.1   118.8   172.3   203.5   224.5   240.7   262.8   292.6   332.8   487.2  5828.7 13666.4  30094.3    30035  1684503895872  1684503905984
read      233.2   442.4    74.4   111.0   121.1   183.3   218.8   241.4   259.9   284.3   315.2   359.5   834.9  6556.3 15743.3  30060.5    30040  1684503907493  1684503917603
read      243.8   704.4    80.4   111.8   121.2   177.6   210.1   231.0   248.6   272.3   303.7   349.0  1501.4  6774.9 32437.6  30071.9    30045  1684503919112  1684503929219
read      225.0   371.7    74.4   111.0   120.9   182.5   217.1   238.6   256.3   279.1   308.5   349.0   701.5  6330.5 11980.3  29955.5    30050  1684503930726  1684503940829
read      215.0   373.6    74.4   109.5   119.0   177.9   211.1   232.1   249.3   271.2   299.7   338.4   473.3  6313.9 13424.7  30015.0    30055  1684503942337  1684503952443
read      204.5   324.1    74.4   108.5   117.0   169.7   200.1   221.0   236.9   258.6   287.4   325.7   441.0  5124.3 10416.8  30002.7    30060  1684503953951  1684503964054
read      212.4   335.7    74.4   109.5   118.0   173.8   207.3   228.7   246.2   269.6   299.8   339.5   516.9  5464.6 10917.8  30083.8    30065  1684503965563  1684503975668
read      197.6   197.0    74.4   110.0   118.9   172.8   203.8   224.7   240.7   262.7   291.8   332.9   433.3  2275.3  8618.3  30170.1    30070  1684503977173  1684503987277
read      201.2   216.2    74.4   110.4   119.8   177.7   209.9   230.3   246.8   268.2   296.1   334.2   417.7  2441.3  8462.1  30071.6    30075  1684503988784  1684503998888
read      201.8   211.0    74.4   110.6   120.7   180.2   211.9   231.7   247.8   268.7   296.7   334.5   416.6  2093.2  8696.5  30023.9    30080  1684504000397  1684504010502
read      205.1   183.7    74.4   111.9   122.4   184.5   217.1   236.9   253.5   274.6   303.8   341.0   420.3  1845.6  8343.0  29990.7    30085  1684504012012  1684504022116
