#type       avg     std     min      p5     p10     p50     p67     p75     p80     p85     p90     p95     p99    p999   p9999      QPS   target       ts_start         ts_end
read      234.6   334.1    74.4   119.3   132.8   207.1   241.7   262.0   276.6   294.9   317.8   350.4   434.6  4813.6 12093.0  30040.3    30000  1684425692244  1684425702370
read      234.9   410.6    74.4   116.6   129.3   200.3   234.1   253.8   268.9   287.0   309.9   342.5   465.3  6383.7 19054.4  30038.2    30005  1684425703877  1684425714001
read      232.9   327.5    74.4   119.4   132.3   202.9   237.4   258.3   273.5   292.3   315.5   349.2   469.3  4852.5 12549.0  29984.7    30010  1684425715506  1684425725609
read      225.9   326.8    74.4   118.6   130.9   197.6   230.8   250.9   266.5   285.5   309.7   343.4   432.2  5183.9 10979.5  29972.0    30015  1684425727118  1684425737224
read      237.4   408.5    74.4   118.8   131.1   198.9   232.8   253.4   269.7   289.1   313.6   349.7   585.1  6510.8 14501.3  30010.3    30020  1684425738732  1684425748837
read      222.9   280.9    74.4   118.7   131.1   199.7   232.5   252.0   266.9   284.4   306.6   338.3   415.9  3909.5 10950.0  30051.6    30025  1684425750344  1684425760453
read      233.2   373.2    74.4   119.5   131.1   193.8   225.8   245.4   261.2   280.9   306.4   343.5   712.8  6176.3 12789.8  29975.3    30030  1684425761958  1684425772061
read      222.5   258.6    80.4   119.0   130.9   196.6   229.1   248.7   263.7   281.6   304.7   337.8   445.4  4081.0  8303.4  29972.9    30035  1684425773566  1684425783668
read      216.8   251.2    74.4   118.3   130.1   193.2   224.2   242.7   257.4   275.2   298.3   331.8   407.6  3971.9  8683.3  29971.8    30040  1684425785176  1684425795282
read      214.9   189.2    74.4   116.3   128.6   197.6   231.7   251.4   266.3   284.1   307.5   341.0   416.6  2152.0  7987.4  30035.0    30045  1684425796790  1684425806897
read      209.2   178.7    74.4   115.8   127.9   193.9   226.3   244.5   257.9   273.9   295.2   326.0   393.6  1688.7  8507.1  30043.9    30050  1684425808403  1684425818517
read      202.5   156.0    74.4   116.3   127.3   186.8   217.5   234.8   248.8   265.5   286.9   317.2   388.4  1445.6  7699.4  30022.9    30055  1684425820025  1684425830138
read      218.6   164.2    74.4   118.3   131.4   207.3   240.3   258.1   271.0   286.8   306.9   336.9   404.1  1399.1  8257.7  29997.1    30060  1684425831643  1684425841747
read      213.6   152.0    74.4   118.8   131.2   199.5   232.3   251.1   265.3   282.1   304.2   336.9   411.9  1248.6  7526.8  30067.3    30065  1684425843256  1684425853357
read      211.6   171.2    74.4   116.7   129.0   195.2   227.3   246.1   260.4   277.3   300.1   335.0   411.4  1853.1  7432.7  30041.1    30070  1684425854864  1684425864973
read      213.2   165.7    74.4   118.6   130.6   197.7   230.5   249.4   263.6   280.4   302.8   335.6   403.2  1756.6  7668.8  30021.4    30075  1684425866479  1684425876583
read      212.2   206.9    74.4   117.2   129.4   195.4   228.4   247.3   261.3   277.7   298.7   329.9   395.4  1915.9  8135.9  30102.1    30080  1684425878090  1684425888199
read      215.1   190.0    80.4   117.5   130.2   200.0   232.4   250.8   264.8   281.2   302.9   335.7   402.9  2069.3  8083.4  30202.0    30085  1684425889707  1684425899815
read      210.0   176.5    74.4   117.2   128.8   195.3   227.8   246.3   259.8   275.1   295.7   325.4   396.9  1637.8  8355.3  30016.9    30090  1684425901324  1684425911436
read      205.6   184.0    74.4   117.0   128.4   189.4   220.7   238.6   252.7   269.6   291.1   321.0   391.3  1409.0  9461.0  30092.3    30095  1684425912945  1684425923052
read      210.0   188.5    74.4   116.9   128.5   194.2   226.8   245.5   259.4   275.6   296.9   327.6   395.6  1811.4  8785.7  30133.7    30100  1684425924558  1684425934663
read      214.6   187.0    74.4   118.8   131.0   200.3   232.1   250.2   263.8   279.9   301.1   332.4   401.0  1907.3  8128.5  30176.9    30105  1684425936171  1684425946279
read      214.1   182.6    74.4   119.1   131.2   199.3   231.5   249.8   263.4   279.3   300.2   331.7   400.8  1788.5  8393.3  30146.3    30110  1684425947788  1684425957895
read      221.0   182.7    74.4   119.1   132.3   209.7   242.7   260.7   273.2   289.1   308.8   337.9   402.3  1798.6  7931.3  30137.5    30115  1684425959402  1684425969515
read      211.2   170.4    74.4   116.9   129.2   197.1   229.0   246.9   260.3   275.7   296.5   327.1   395.7  1850.7  7876.1  30107.3    30120  1684425971021  1684425981125
read      205.4   169.2    74.4   116.9   128.1   189.4   220.7   238.3   251.9   268.4   289.6   319.2   388.8  1766.7  7812.0  30138.9    30125  1684425982632  1684425992739
read      204.9   169.4    74.4   115.7   126.9   188.3   220.0   237.6   251.7   268.6   290.4   320.9   392.3  2117.1  8022.7  30124.2    30130  1684425994246  1684426004352
read      219.4   171.6    74.4   118.1   131.3   206.8   240.1   258.7   272.1   288.6   309.2   339.2   401.9  1778.5  7868.1  30192.6    30135  1684426005860  1684426015968
read      209.9   169.0    74.4   114.6   126.5   193.8   227.1   245.9   259.8   275.8   296.8   328.1   399.2  2194.1  7363.6  30092.5    30140  1684426017475  1684426027585
read      201.0   164.6    74.4   114.6   125.2   184.8   215.5   233.3   247.7   264.8   286.0   315.3   379.3  1630.1  8041.0  30093.1    30145  1684426029096  1684426039203
read      204.1   180.9    74.4   114.5   125.5   186.7   218.2   235.7   250.0   267.2   288.9   319.2   389.2  2187.9  8137.8  30053.1    30150  1684426040712  1684426050822
read      213.3   167.1    74.4   118.8   131.2   200.5   232.3   250.2   263.5   278.9   298.8   329.5   396.9  1280.5  8128.1  30276.0    30155  1684426052332  1684426062430
read      207.8   160.0    74.4   116.5   128.5   194.0   225.4   242.9   256.0   272.2   293.4   323.4   393.4  1451.0  7788.7  30138.9    30160  1684426063937  1684426074047
read      217.8   199.9    74.4   117.7   130.3   203.0   236.7   255.6   269.5   286.0   306.6   337.5   412.9  1934.4 10396.2  30079.0    30165  1684426075552  1684426085659
read      214.8   166.2    74.4   118.1   130.7   202.8   234.9   252.9   266.3   281.9   301.9   332.8   398.7  1370.0  8133.9  30140.8    30170  1684426087167  1684426097275
read      208.3   182.2    80.4   115.9   128.0   193.0   224.8   242.6   255.8   272.3   293.3   323.2   396.5  1664.0  8104.0  30108.1    30175  1684426098782  1684426108883
read      213.6   150.2    74.4   118.4   131.2   202.3   233.3   250.6   263.4   278.3   298.3   329.3   395.2  1371.2  6241.7  30043.9    30180  1684426110389  1684426120500
read      199.9   166.8    74.4   114.2   125.0   183.2   213.9   231.7   245.4   262.1   284.0   315.5   385.2  1635.4  7672.1  30170.2    30185  1684426122006  1684426132118
read      210.8   204.0    74.4   116.3   128.5   194.6   225.9   244.2   258.0   274.7   296.8   330.5   403.8  1536.0  8622.3  30224.2    30190  1684426133622  1684426143728
read      210.6   152.4    80.4   118.1   129.8   196.0   227.9   246.0   259.6   275.5   297.0   329.4   399.2  1808.4  7584.8  30150.0    30195  1684426145238  1684426155339
read      215.5   172.6    74.4   118.7   131.3   204.0   235.7   253.4   266.4   281.3   300.4   328.6   396.2  1271.6  8062.8  30152.3    30200  1684426156847  1684426166952
read      205.7   171.7    74.4   115.7   127.5   190.7   222.3   239.8   252.8   269.1   289.6   318.1   384.0  1917.9  7896.7  30248.8    30205  1684426168459  1684426178565
read      223.7   198.6    74.4   119.3   133.0   210.9   244.5   262.9   275.4   291.8   312.3   342.2   411.8  1972.7  8966.1  30250.1    30210  1684426180072  1684426190183
read      211.0   208.8    74.4   118.5   130.3   195.0   226.1   244.1   257.7   273.9   295.1   326.8   401.7  1704.8 10199.3  30212.0    30215  1684426191688  1684426201792
read      199.7   172.3    68.9   113.7   124.3   183.1   213.8   231.9   245.8   262.1   282.4   312.1   379.6  1889.8  7951.4  30161.2    30220  1684426203302  1684426213410
read      213.5   161.4    80.4   118.6   131.0   200.2   231.5   249.2   262.5   277.9   298.0   329.3   395.9  1583.8  7457.6  30267.4    30225  1684426214916  1684426225024
read      212.8   168.1    74.4   117.1   129.4   198.5   230.9   249.4   263.3   279.8   301.6   334.7   402.8  1428.8  8018.5  30201.2    30230  1684426226529  1684426236635
read      220.5   171.9    74.4   120.7   134.0   208.3   240.9   259.3   272.5   289.2   310.6   341.8   407.5  1438.8  7872.5  30096.1    30235  1684426238143  1684426248249
read      215.3   195.6    74.4   116.9   129.8   201.1   233.2   251.3   264.9   280.8   302.2   334.8   404.2  1865.8  9060.7  30230.7    30240  1684426249757  1684426259863
read      203.6   201.2    74.4   114.0   125.3   186.5   217.6   235.1   248.9   265.4   286.3   316.8   389.1  2281.6  9648.9  30363.4    30245  1684426261370  1684426271481
read      211.0   184.6    74.4   117.3   129.5   195.6   227.8   245.9   259.5   275.2   296.8   329.1   395.7  1721.2  8364.7  30229.0    30250  1684426272988  1684426283096
read      205.6   171.1    74.4   115.2   126.8   190.0   221.7   239.6   253.4   270.6   292.9   324.4   394.4  1356.6  8374.6  30192.4    30255  1684426284600  1684426294710
read      209.6   190.1    74.4   115.2   127.3   195.0   226.8   244.2   257.1   272.6   293.0   321.2   390.7  2105.5  8626.6  30267.3    30260  1684426296219  1684426306326
read      210.0   183.2    74.4   116.1   128.4   194.2   226.3   244.7   258.7   275.1   296.9   329.8   397.3  1871.8  8293.6  30204.0    30265  1684426307834  1684426317936
read      216.1   171.7    74.4   118.8   131.6   204.4   235.6   253.1   266.2   281.4   301.3   331.9   397.1  1312.8  7986.9  30302.5    30270  1684426319442  1684426329549
read      214.2   173.9    74.4   117.7   130.0   198.8   231.6   250.4   264.7   281.5   303.7   337.4   404.2  1890.4  8128.4  30250.7    30275  1684426331056  1684426341163
read      205.0   158.1    74.4   115.6   127.2   188.0   219.0   236.5   251.0   268.5   291.4   325.0   401.0  1789.2  7611.7  30247.7    30280  1684426342667  1684426352767
read      211.8   204.0    80.4   118.9   131.0   196.2   227.1   245.0   258.5   274.6   296.2   328.5   397.4  1840.5 10058.8  30278.3    30285  1684426354275  1684426364379
read      207.0   172.2    80.4   116.7   128.7   192.8   223.5   240.2   253.1   269.2   289.7   319.3   390.2  1422.2  7684.0  30323.8    30290  1684426365885  1684426375990
read      218.5   179.8    74.4   118.8   132.0   206.5   237.7   255.0   268.5   284.6   305.4   336.7   403.1  1537.8  8626.0  30315.4    30295  1684426377496  1684426387602
read      202.1   176.5    74.4   115.0   125.8   185.8   216.9   234.3   248.1   264.5   285.4   315.6   383.2  2044.1  8483.4  30242.5    30300  1684426389108  1684426399216
read      216.3   193.0    74.4   117.6   130.4   202.6   235.0   253.4   267.3   283.7   304.8   335.8   399.9  1687.9  9051.1  30179.4    30305  1684426400726  1684426410827
read      215.6   162.5    74.4   120.5   133.4   204.8   235.1   252.0   264.8   279.5   298.7   327.9   392.1  1336.1  8029.9  30260.7    30310  1684426412335  1684426422437
read      208.3   175.7    74.4   116.9   128.6   191.5   222.7   240.7   254.7   272.4   295.1   329.2   400.6  2033.5  8034.7  30253.1    30315  1684426423942  1684426434046
read      211.7   205.1    74.4   117.3   129.1   194.9   226.5   244.0   257.0   273.1   294.3   325.4   403.0  2689.9  9272.1  30353.2    30320  1684426435551  1684426445665
read      224.2   263.6    74.4   119.0   131.3   198.2   231.4   251.4   266.8   285.3   309.0   343.4   456.4  3716.3  9277.0  30235.3    30325  1684426447172  1684426457282
read      258.6   493.6    74.4   119.1   131.2   200.0   235.1   257.3   273.8   294.3   320.1   366.6  1753.2  7468.7 15395.7  30336.1    30330  1684426458790  1684426468894
read      220.9   245.6    74.4   120.5   132.5   196.6   228.0   246.7   261.0   278.3   300.8   334.1   436.1  3904.1  8410.5  30332.7    30335  1684426470400  1684426480509
read      233.4   355.1    80.4   119.7   132.8   204.4   238.2   258.7   273.7   292.2   315.2   348.3   451.7  4901.1 15842.3  30420.1    30340  1684426482015  1684426492125
read      224.9   331.4    74.4   119.4   131.2   196.2   228.9   248.2   262.8   279.8   301.5   333.4   424.8  6036.2 10189.3  30341.3    30345  1684426493630  1684426503737
read      224.6   295.0    74.4   119.3   131.3   197.0   230.7   250.5   265.4   282.8   304.5   336.7   453.6  4641.5 10059.6  30309.7    30350  1684426505245  1684426515352
read      226.6   341.9    74.4   120.5   132.4   195.8   227.5   246.5   261.0   278.2   300.7   334.6   434.1  6109.2 12044.6  30285.2    30355  1684426516861  1684426526962
read      240.9   346.3    80.4   119.5   132.8   207.9   243.1   263.5   278.0   296.0   318.9   354.3   550.0  5650.2 10752.1  30222.6    30360  1684426528468  1684426538592
read      236.5   371.7    74.4   118.5   130.9   197.9   230.7   250.3   265.3   283.2   306.9   341.9   700.8  5575.7 12557.7  30364.1    30365  1684426540098  1684426550203
read      232.9   395.4    74.4   118.6   130.6   196.3   229.2   249.2   264.5   282.6   305.9   341.2   563.5  6203.7 14465.2  30374.7    30370  1684426551708  1684426561817
read      222.5   323.4    74.4   119.3   131.3   197.0   230.0   249.7   264.5   281.8   303.9   336.0   416.4  4179.0 11818.8  30274.6    30375  1684426563325  1684426573430
read      214.2   201.3    74.4   116.5   129.0   197.6   229.4   247.9   261.9   278.3   299.8   332.7   413.7  2579.7  8400.9  30371.2    30380  1684426574936  1684426585037
read      206.3   163.3    74.4   116.1   127.7   190.3   221.4   239.2   253.0   269.9   291.6   321.7   395.2  1680.1  7914.4  30336.1    30385  1684426586543  1684426596656
read      208.0   181.6    80.4   116.0   127.5   192.6   224.3   242.0   254.8   271.1   292.0   320.9   392.0  1964.8  9155.6  30402.6    30390  1684426598165  1684426608271
read      216.5   176.4    74.4   118.9   131.7   202.5   234.3   252.7   266.8   283.2   304.3   336.5   404.5  1554.5  7869.5  30498.1    30395  1684426609779  1684426619886
read      205.8   169.6    74.4   116.3   127.8   190.4   221.6   239.0   252.6   269.1   290.0   319.8   392.6  1796.0  7489.8  30414.8    30400  1684426621393  1684426631501
read      209.6   178.2    74.4   117.1   128.8   192.7   224.5   243.1   257.3   274.1   296.1   329.1   401.7  2125.2  7819.1  30431.8    30405  1684426633008  1684426643110
read      215.9   178.0    80.4   119.3   132.0   202.9   234.1   252.0   265.5   281.3   302.3   334.6   401.4  1687.2  7910.0  30460.2    30410  1684426644614  1684426654723
read      213.6   203.6    74.4   119.5   131.7   197.6   229.0   247.1   260.7   276.5   297.4   329.2   396.7  2067.6  8769.8  30471.1    30415  1684426656231  1684426666344
read      208.2   183.0    74.4   117.7   129.0   191.1   222.9   241.5   255.4   272.6   294.1   325.4   396.0  1826.4  8809.4  30509.6    30420  1684426667852  1684426677963
read      223.8   191.6    74.4   120.6   134.5   211.2   243.5   261.9   274.7   291.4   312.2   342.2   417.3  1689.2  8407.7  30402.0    30425  1684426679470  1684426689570
read      218.0   189.4    80.4   121.0   133.8   205.5   237.5   255.6   268.9   284.6   304.4   334.3   401.0  1314.3  9369.0  30531.1    30430  1684426691076  1684426701179
read      208.3   149.3    74.4   119.4   130.8   194.2   225.4   243.5   257.1   273.5   294.7   324.7   394.0  1164.4  6585.2  30559.6    30435  1684426702685  1684426712792
read      204.5   150.6    74.4   116.5   127.7   188.9   220.1   237.9   252.2   269.4   290.9   321.0   393.2  1447.1  7560.0  30448.0    30440  1684426714301  1684426724403
read      218.9   197.5    74.4   119.2   131.7   202.0   234.3   253.6   267.9   284.7   305.9   337.1   423.3  2264.5  8447.7  30470.7    30445  1684426725909  1684426736025
read      217.6   164.9    74.4   118.9   131.9   205.1   238.0   256.8   270.4   286.8   307.6   338.0   401.4  1501.6  7932.0  30466.5    30450  1684426737531  1684426747631
read      211.0   171.3    80.4   118.2   130.2   196.5   228.3   246.9   260.9   277.1   297.6   328.5   395.0  1530.1  8056.4  30432.5    30455  1684426749139  1684426759243
read      219.8   191.1    80.4   118.3   131.4   205.6   239.0   258.1   272.0   289.0   310.4   341.3   404.4  2075.2  8428.7  30552.7    30460  1684426760752  1684426770858
