1684947101423 0.0
1684947102424 0.0
1684947103426 0.0
1684947104427 1.0
1684947105428 2.0
1684947106430 12.0
1684947107431 13.0
1684947108433 13.0
1684947109434 13.0
1684947110435 12.0
1684947111436 0.0
1684947112437 7.0
1684947113438 20.0
1684947114440 19.0
1684947115441 20.0
1684947116442 20.0
1684947117444 17.0
1684947118445 0.0
1684947119446 15.0
1684947120448 30.0
1684947121449 29.0
1684947122451 30.0
1684947123452 30.0
1684947124453 16.0
1684947125455 0.0
1684947126456 28.0
1684947127457 40.0
1684947128458 38.0
1684947129459 36.0
1684947130460 39.0
1684947131461 12.0
1684947132462 0.0
1684947133464 43.0
1684947134465 49.9
1684947135466 46.9
1684947136468 46.9
1684947137469 48.9
1684947138471 5.0
1684947139472 9.0
1684947140473 54.9
1684947141475 54.9
1684947142476 56.9
1684947143477 54.9
1684947144479 49.0
1684947145480 0.0
1684947146481 27.0
1684947147482 66.9
1684947148484 64.9
1684947149485 62.9
1684947150487 62.9
1684947151488 39.0
1684947152489 0.0
1684947153490 42.0
1684947154492 67.9
1684947155493 72.9
1684947156494 74.0
1684947157495 71.9
1684947158496 28.0
1684947159497 1.0
1684947160499 65.0
1684947161500 81.9
1684947162501 78.9
1684947163503 78.9
1684947164504 82.0
1684947165505 13.0
1684947166506 6.0
1684947167507 93.0
1684947168508 88.9
1684947169509 82.9
1684947170510 83.9
1684947171512 79.9
1684947172513 1.0
1684947173515 27.0
1684947174516 95.9
1684947175517 91.9
1684947176519 92.9
1684947177520 88.9
1684947178522 65.9
1684947179523 0.0
1684947180524 54.9
1684947181526 102.9
1684947182527 101.9
1684947183529 101.9
1684947184530 95.9
1684947185532 45.9
1684947186533 0.0
1684947187534 83.9
1684947188536 104.9
1684947189537 102.9
1684947190539 100.9
1684947191540 100.9
1684947192542 27.0
1684947193543 0.0
1684947194544 108.9
1684947195546 108.9
1684947196547 105.9
1684947197549 107.9
1684947198550 109.9
1684947199552 4.0
1684947200553 26.0
1684947201554 118.9
1684947202556 113.9
1684947203557 115.9
1684947204559 114.9
1684947205560 92.9
1684947206561 0.0
1684947207562 53.9
1684947208564 121.9
1684947209565 118.9
1684947210567 122.9
1684947211568 119.9
1684947212570 72.9
1684947213571 0.0
1684947214573 87.9
1684947215574 128.9
1684947216576 128.8
1684947217577 126.9
1684947218578 129.9
1684947219580 43.9
1684947220581 1.0
1684947221583 120.9
1684947222584 136.8
1684947223586 133.9
1684947224587 137.9
1684947225588 133.8
1684947226589 16.0
1684947227590 17.0
1684947228592 138.8
1684947229593 140.8
1684947230595 140.8
1684947231596 142.8
1684947232598 125.9
1684947233599 0.0
1684947234601 51.9
1684947235602 145.0
1684947236603 151.8
1684947237604 153.8
1684947238605 149.8
1684947239607 99.9
1684947240608 0.0
1684947241610 86.9
1684947242611 155.8
1684947243613 155.8
1684947244615 155.9
1684947245616 158.8
1684947246618 73.9
1684947247619 0.0
1684947248620 128.9
1684947249622 163.8
1684947250623 161.8
1684947251625 162.8
1684947252626 162.8
1684947253628 38.0
1684947254629 2.0
1684947255630 168.8
1684947256632 174.8
1684947257633 181.8
1684947258635 171.9
1684947259636 168.8
1684947260637 1.0
1684947261639 40.0
1684947262640 176.8
1684947263642 172.8
1684947264643 171.8
1684947265645 173.8
1684947266646 139.8
1684947267648 0.0
1684947268649 81.9
1684947269651 186.8
1684947270652 188.8
1684947271654 186.8
1684947272655 183.8
1684947273657 93.9
1684947274658 0.0
1684947275660 0.0
1684947276661 0.0