1684936202516 0.0
1684936203518 0.0
1684936204519 0.0
1684936205520 1.0
1684936206522 2.0
1684936207523 10.0
1684936208524 8.0
1684936209526 8.0
1684936210527 9.0
1684936211528 7.0
1684936212529 0.0
1684936213530 7.0
1684936214531 14.0
1684936215532 14.0
1684936216534 16.0
1684936217535 14.0
1684936218536 8.0
1684936219537 0.0
1684936220538 13.0
1684936221540 21.0
1684936222541 22.0
1684936223542 20.0
1684936224544 21.0
1684936225545 9.0
1684936226546 0.0
1684936227547 22.0
1684936228548 29.0
1684936229550 27.0
1684936230551 26.0
1684936231552 29.0
1684936232553 4.0
1684936233555 2.0
1684936234556 34.0
1684936235557 33.0
1684936236559 32.0
1684936237560 34.0
1684936238561 31.0
1684936239562 0.0
1684936240563 11.0
1684936241564 40.0
1684936242566 41.0
1684936243567 40.0
1684936244568 40.0
1684936245570 31.0
1684936246571 0.0
1684936247572 22.0
1684936248574 45.9
1684936249575 47.9
1684936250576 45.9
1684936251578 47.9
1684936252579 24.0
1684936253580 0.0
1684936254582 40.0
1684936255583 55.0
1684936256584 53.9
1684936257585 53.0
1684936258586 54.9
1684936259587 17.0
1684936260588 0.0
1684936261589 55.9
1684936262590 60.9
1684936263592 60.9
1684936264593 58.9
1684936265595 61.9
1684936266596 6.0
1684936267597 9.0
1684936268599 67.9
1684936269600 68.9
1684936270601 64.9
1684936271603 64.9
1684936272604 60.9
1684936273605 0.0
1684936274606 27.0
1684936275607 70.9
1684936276609 69.9
1684936277610 72.9
1684936278611 74.9
1684936279613 46.9
1684936280614 0.0
1684936281616 42.0
1684936282617 77.9
1684936283618 76.9
1684936284619 76.9
1684936285621 75.9
1684936286622 35.0
1684936287624 0.0
1684936288625 65.9
1684936289626 84.9
1684936290628 81.9
1684936291629 86.9
1684936292630 86.9
1684936293632 20.0
1684936294633 0.0
1684936295634 89.9
1684936296636 88.9
1684936297637 87.0
1684936298638 91.9
1684936299639 89.9
1684936300641 2.0
1684936301642 18.0
1684936302643 94.9
1684936303645 98.9
1684936304646 96.9
1684936305648 94.0
1684936306648 72.9
1684936307650 0.0
1684936308651 46.0
1684936309652 105.9
1684936310654 102.9
1684936311655 98.9
1684936312657 100.9
1684936313658 58.9
1684936314659 0.0
1684936315661 69.9
1684936316662 107.9
1684936317663 101.9
1684936318665 101.9
1684936319666 103.9
1684936320668 36.0
1684936321669 0.0
1684936322670 98.9
1684936323672 106.9
1684936324673 105.9
1684936325674 105.9
1684936326676 109.9
1684936327677 16.0
1684936328678 12.0
1684936329679 113.9
1684936330681 117.9
1684936331682 115.9
1684936332684 107.9
1684936333685 102.9
1684936334686 0.0
1684936335688 40.0
1684936336688 116.9
1684936337690 116.9
1684936338691 117.9
1684936339693 118.9
1684936340694 79.9
1684936341695 0.0
1684936342697 73.9
1684936343698 128.9
1684936344699 129.9
1684936345701 125.9
1684936346702 125.9
1684936347704 60.9
1684936348705 0.0
1684936349706 101.9
1684936350708 129.9
1684936351709 130.9
1684936352710 132.8
1684936353712 128.9
1684936354713 31.0
1684936355715 0.0
1684936356716 141.8
1684936357717 138.8
1684936358719 135.8
1684936359720 139.8
1684936360722 139.9
1684936361723 3.0
1684936362725 34.0
1684936363726 138.8
1684936364727 140.8
1684936365729 144.0
1684936366729 140.8
1684936367731 108.9
1684936368732 0.0
1684936369733 67.9
1684936370735 145.8
1684936371736 149.8
1684936372738 148.8
1684936373739 140.8
1684936374741 84.9
1684936375742 0.0
1684936376743 0.0
1684936377745 1.0
1684936378746 0.0
1684936379747 0.0
1684936380748 0.0
1684936381750 0.0
1684936382751 0.0