1684947317976 0.0
1684947318977 0.0
1684947319978 0.0
1684947320980 0.0
1684947321981 8.0
1684947322983 13.0
1684947323984 13.0
1684947324985 14.0
1684947325987 15.0
1684947326988 7.0
1684947327990 0.0
1684947328991 14.0
1684947329992 20.0
1684947330994 22.0
1684947331995 20.0
1684947332996 22.0
1684947333998 7.0
1684947334999 1.0
1684947336001 28.0
1684947337002 31.0
1684947338004 30.0
1684947339005 30.0
1684947340006 30.0
1684947341008 3.0
1684947342009 7.0
1684947343010 37.0
1684947344012 39.0
1684947345013 38.0
1684947346015 38.0
1684947347016 34.0
1684947348017 0.0
1684947349019 18.0
1684947350020 45.9
1684947351021 48.9
1684947352023 48.0
1684947353024 45.0
1684947354025 31.0
1684947355026 0.0
1684947356028 32.0
1684947357029 54.9
1684947358031 55.9
1684947359032 57.9
1684947360033 56.9
1684947361035 25.0
1684947362036 0.0
1684947363038 52.9
1684947364039 67.0
1684947365040 65.9
1684947366041 64.9
1684947367043 66.9
1684947368044 12.0
1684947369045 2.0
1684947370047 75.9
1684947371048 74.9
1684947372049 74.9
1684947373051 72.9
1684947374052 72.9
1684947375053 1.0
1684947376055 20.0
1684947377056 83.9
1684947378058 81.9
1684947379059 81.9
1684947380061 82.9
1684947381062 62.9
1684947382063 0.0
1684947383065 40.0
1684947384066 88.9
1684947385068 86.9
1684947386069 86.9
1684947387071 87.9
1684947388072 47.9
1684947389074 0.0
1684947390075 65.9
1684947391077 94.9
1684947392078 95.9
1684947393079 94.9
1684947394081 93.9
1684947395082 32.0
1684947396083 0.0
1684947397085 93.9
1684947398086 103.9
1684947399087 102.0
1684947400088 100.9
1684947401089 99.9
1684947402090 11.0
1684947403092 16.0
1684947404093 110.0
1684947405094 103.9
1684947406095 101.9
1684947407097 101.9
1684947408098 89.9
1684947409100 0.0
1684947410101 42.0
1684947411102 113.9
1684947412104 107.9
1684947413105 108.9
1684947414106 108.0
1684947415107 69.9
1684947416108 0.0
1684947417109 70.9
1684947418111 116.9
1684947419112 111.9
1684947420113 109.9
1684947421115 116.9
1684947422116 48.9
1684947423118 0.0
1684947424119 100.9
1684947425120 123.9
1684947426122 123.9
1684947427123 124.9
1684947428125 123.9
1684947429126 26.0
1684947430127 2.0
1684947431129 131.8
1684947432130 128.9
1684947433132 127.9
1684947434133 128.9
1684947435135 126.9
1684947436136 2.0
1684947437137 36.0
1684947438138 135.9
1684947439139 135.9
1684947440140 136.8
1684947441142 133.9
1684947442143 103.0
1684947443144 0.0
1684947444145 70.9
1684947445147 143.9
1684947446148 140.8
1684947447149 144.8
1684947448151 145.8
1684947449152 76.9
1684947450154 0.0
1684947451155 107.0
1684947452156 149.8
1684947453157 147.8
1684947454159 150.9
1684947455160 150.8
1684947456161 45.9
1684947457163 1.0
1684947458164 149.8
1684947459165 159.8
1684947460167 161.8
1684947461168 161.8
1684947462170 157.8
1684947463171 11.0
1684947464172 27.0
1684947465173 164.8
1684947466175 159.8
1684947467176 164.8
1684947468178 164.8
1684947469179 140.8
1684947470181 0.0
1684947471182 64.9
1684947472183 166.8
1684947473185 171.8
1684947474187 168.8
1684947475188 169.8
1684947476190 101.9
1684947477191 0.0
1684947478193 113.9
1684947479194 177.9
1684947480195 175.9
1684947481196 179.0
1684947482196 177.8
1684947483198 69.9
1684947484199 0.0
1684947485200 154.8
1684947486201 187.8
1684947487203 190.8
1684947488204 182.8
1684947489205 181.8
1684947490207 32.0
1684947491208 0.0
1684947492210 0.0
1684947493211 0.0
1684947494212 0.0