./mcperf -s 100.96.1.4 -a 10.0.16.4 --noload -T 16 -C 4 -D 4 -Q 1000 -c 4 -w 2 -t 5 --scan 30000:110000:5000

client measure run 1

#type       avg     std     min      p5     p10     p50     p67     p75     p80     p85     p90     p95     p99    p999   p9999     QPS   target
read      438.7   238.4   148.8   213.4   233.7   405.1   485.5   530.7   566.1   621.6   691.9   786.2   944.0  1688.9  8861.8  29966.3    30000
read      431.3   301.3   160.7   213.5   232.7   391.1   471.5   521.2   557.0   606.8   679.6   773.2   921.5  2500.9 11818.0  34955.6    35000
read      437.0   242.1   160.7   212.3   232.0   400.2   484.9   532.1   570.0   624.9   694.8   790.2   940.8  1576.3  8136.8  40030.8    40000
read      437.4   292.4   148.8   210.0   229.3   408.2   490.6   536.2   572.1   621.7   685.6   773.6   926.4  1482.2  9576.1  44912.4    45000
read      425.2   332.4   148.8   205.5   222.9   384.6   467.3   513.2   547.1   597.5   671.4   771.4   967.3  4315.8 11966.4  49954.0    50000
read      422.0   269.0   148.8   205.1   222.5   385.6   471.8   518.5   552.0   598.5   667.4   765.4   938.2  1383.5 10651.5  55141.0    55000
read      412.1   297.9   148.8   202.7   219.5   370.4   452.6   499.4   534.4   581.2   652.2   757.6   952.1  1692.9 12673.7  60024.8    60000
read      400.4   270.4   148.8   203.1   218.8   360.2   437.4   483.7   518.2   560.6   627.6   733.3   916.1  2041.7 10105.6  65105.0    65000
read      409.1   237.0   148.8   205.0   222.2   375.6   453.5   499.3   533.6   577.4   636.4   734.3   918.4  1342.0  9141.3  70009.4    70000
read      408.8   289.8   148.8   204.5   222.2   373.4   451.7   496.5   529.1   570.0   628.6   728.1   924.6  1404.5  9285.1  74742.8    75000
read      411.9   250.6   148.8   206.2   224.6   378.2   454.9   498.4   531.4   573.4   631.3   722.8   954.9  1462.0  8941.1  79855.0    80000
read      390.0   214.8   148.8   206.8   224.0   360.7   427.9   467.0   497.6   535.1   588.0   677.1   840.3  1217.2  9938.8  85101.6    85000
read      410.6   252.9   148.8   214.3   235.1   380.7   447.4   487.7   518.5   558.6   618.0   705.4   868.5  1532.9  9971.5  90015.4    90000
read      469.4   259.0   148.8   232.4   263.7   433.0   505.6   551.9   596.0   653.2   726.1   833.2   999.6  1281.7 11134.6  94892.4    95000
read      614.1   306.1   148.8   336.3   382.4   533.6   662.0   779.8   841.3   898.3   955.1  1021.1  1142.8  1850.6 11908.1  98921.6   100000
read      612.4   337.5   148.8   288.2   351.0   544.5   621.3   730.6   830.5   929.6  1010.5  1083.4  1182.6  1672.6 13836.2  98839.6   105000
read      675.3   340.6   160.7   413.7   446.3   569.9   709.8   867.7   939.0   992.4  1045.4  1099.3  1215.5  2540.2 12550.1  96408.8   110000

Warning! Detected max cpu usage > 95%
CPU Usage Stats (avg/min/max): 89.94%,56.78%,100.00%

-----------------------------------------------------------------------------------------------------------------------------------------------------

client measure run 2

#type       avg     std     min      p5     p10     p50     p67     p75     p80     p85     p90     p95     p99    p999   p9999     QPS   target
read      441.6   262.7   160.7   213.5   233.2   401.2   485.1   534.5   576.0   637.6   711.9   798.5   958.9  2367.1  9870.2  30048.8    30000
read      441.3   275.2   160.7   216.0   235.5   398.1   482.9   532.9   573.3   633.5   709.3   800.6   956.2  2189.0 10328.7  35076.6    35000
read      445.5   291.1   160.7   211.5   230.8   407.2   492.4   541.7   582.6   638.7   707.9   799.9   994.7  2713.2  9944.1  40066.6    40000
read      443.2   291.1   148.8   210.4   229.9   409.6   495.2   541.7   579.6   630.9   695.7   791.6   965.4  2077.7 10944.0  44945.6    45000
read      427.5   280.5   148.8   208.3   225.8   383.4   468.2   519.7   559.4   614.8   686.4   791.9   983.1  2106.8 11811.6  49998.4    50000
read      418.5   232.3   148.8   205.7   223.2   380.5   463.2   510.3   546.9   598.5   671.6   772.8   944.5  1375.4  8258.3  54902.4    55000
read      395.7   244.0   148.8   202.3   217.2   353.2   427.2   474.6   512.3   559.5   633.4   743.2   913.5  1676.6 10340.8  59858.6    60000
read      394.1   207.1   148.8   202.9   218.6   358.5   432.6   477.1   511.3   553.7   618.1   721.6   900.1  1418.7  6188.4  65093.4    65000
read      409.0   239.4   148.8   205.6   222.9   374.8   453.0   497.3   530.6   573.5   634.0   732.2   916.9  1354.7 10584.3  69921.8    70000
read      385.3   195.8   148.8   201.7   217.3   352.0   421.8   464.8   498.1   538.2   595.5   688.4   866.7  1244.4  6601.5  74913.6    75000
read      404.6   274.1   148.8   206.0   224.0   372.1   446.0   488.8   520.6   559.6   617.0   706.0   877.5  1510.4 10360.0  79913.0    80000
read      407.9   205.0   148.8   212.2   231.9   382.8   454.1   494.4   524.2   561.2   614.1   688.6   836.4  1171.0  8004.3  84919.4    85000
read      415.0   212.5   148.8   214.6   236.1   387.2   456.2   497.3   528.9   569.8   626.5   710.7   871.4  1135.0  7877.3  90162.2    90000
read      422.8   245.3   148.8   218.1   241.0   390.4   457.9   500.6   535.2   581.3   640.6   730.6   911.8  1400.1 10352.9  95075.4    95000
read      664.6   351.8   160.7   381.5   420.0   574.8   734.5   841.5   901.3   961.0  1020.9  1090.0  1196.6  1696.8 15162.7  95406.4   100000
read      668.3   345.8   160.7   390.8   430.6   572.6   720.7   845.4   919.4   981.0  1037.7  1094.6  1187.5  1882.8 12009.3  96635.8   105000
read      679.7   337.0   148.8   415.2   453.3   574.1   678.6   882.3   957.3  1011.8  1060.9  1117.8  1217.9  2463.8 12637.3  95898.4   110000
Warning! Detected max cpu usage > 95%
CPU Usage Stats (avg/min/max): 90.15%,73.37%,100.00%

-----------------------------------------------------------------------------------------------------------------------------------------------------

client measure run 3

#type       avg     std     min      p5     p10     p50     p67     p75     p80     p85     p90     p95     p99    p999   p9999     QPS   target
read      425.4   283.3   148.8   208.8   225.6   381.2   464.7   514.2   552.4   611.2   677.7   767.3   984.9  2781.9 10531.2  29965.0    30000
read      432.7   295.6   148.8   207.3   224.7   395.4   476.6   525.6   563.4   616.9   679.1   769.1   995.6  3087.7 10772.7  34931.6    35000
read      444.7   314.3   160.7   210.1   229.2   403.6   487.7   537.4   578.2   633.4   701.9   797.9  1008.9  3867.9 12308.9  40150.6    40000
read      437.6   268.4   148.8   209.3   227.5   403.1   490.6   537.9   576.7   627.6   689.6   784.2   951.0  2116.9 10870.4  44922.6    45000
read      423.2   238.8   148.8   208.5   225.9   384.3   466.9   516.7   553.8   607.4   677.0   776.9   941.5  1639.0  9028.5  49901.4    50000
read      422.7   319.4   160.7   207.1   223.9   382.2   465.1   512.7   548.6   600.5   673.1   778.2   961.9  1774.9 10018.6  54937.0    55000
read      410.2   265.7   148.8   205.4   221.6   368.3   448.0   495.6   531.9   579.8   647.9   756.5   965.2  2202.1  9962.4  60121.2    60000
read      406.7   247.0   148.8   206.0   222.2   369.2   447.0   492.6   527.1   572.7   637.2   738.6   922.6  1627.9  9888.3  64801.6    65000
read      407.5   257.3   148.8   205.6   222.3   371.7   450.4   495.7   529.0   570.9   629.5   728.2   926.2  1704.2  9595.5  69851.9    70000
read      410.2   214.6   148.8   207.1   225.3   377.9   454.1   499.0   532.9   575.7   633.3   727.9   907.8  1395.3  6194.3  74920.2    75000
read      404.0   218.0   148.8   207.7   225.5   374.2   447.7   489.9   521.4   561.0   619.5   706.1   868.5  1381.0  8008.6  80062.1    80000
read      619.3   417.5   148.8   237.7   281.8   537.1   687.4   791.8   844.4   908.9   999.8  1148.3  1653.9  2602.2 16421.1  83913.1    85000
read      398.0   231.3   148.8   209.4   228.2   367.8   433.3   473.5   504.8   543.1   598.0   683.0   846.8  1360.9  9950.3  89970.4    90000
read      657.2   351.7   148.8   356.5   410.7   566.7   709.0   845.9   911.2   968.2  1023.2  1088.6  1187.7  2180.9 13659.7  93040.6    95000
read      615.2   323.8   160.7   337.2   382.4   533.2   682.2   780.9   837.6   892.4   946.0  1010.6  1123.9  1972.7 12303.1  98808.8   100000
read      617.5   312.6   148.8   334.1   377.3   548.0   663.5   750.7   819.6   892.1   961.2  1035.6  1150.2  2175.1 12490.3 101126.6   105000
read      686.4   356.7   160.7   408.4   445.5   577.4   762.7   899.0   956.8  1003.3  1051.4  1100.5  1197.4  2820.4 15298.9  94955.2   110000
Warning! Detected max cpu usage > 95%
CPU Usage Stats (avg/min/max): 90.22%,66.16%,100.00%

-----------------------------------------------------------------------------------------------------------------------------------------------------

ibench-cpu
./mcperf -s 100.96.1.4 -a 10.0.16.4 --noload -T 16 -C 4 -D 4 -Q 1000 -c 4 -w 2 -t 5 --scan 30000:110000:5000

client measure run 1
#type       avg     std     min      p5     p10     p50     p67     p75     p80     p85     p90     p95     p99    p999   p9999     QPS   target
read      945.6  1119.2   148.8   242.5   275.0   497.9   827.3   907.4   973.9  1784.7  3026.7  3307.9  3726.4 11743.6 23923.1  29929.8    30000
read      874.5  1036.5   160.7   242.5   275.0   489.2   795.9   884.8   949.9  1065.7  2647.0  3099.1  3634.8 10669.4 24873.8  34870.8    35000
read      823.2   968.1   160.7   240.5   270.7   470.8   764.8   860.7   930.8  1043.9  2378.5  2964.2  3461.3  9666.9 24287.6  40006.4    40000
read      803.0  1010.8   148.8   245.7   277.8   468.4   691.1   837.4   913.8  1016.8  2017.3  2751.5  4573.9  9761.7 30934.1  45081.6    45000
read      920.8  1367.7   160.7   266.4   304.9   513.5   670.5   817.5   902.9  1011.0  2020.6  4198.6  5424.9 12431.6 32329.5  49861.0    50000
read     1324.2  2003.0   173.5   390.1   428.8   593.4   863.7   958.7  1020.3  2180.0  4542.8  5030.8  7756.1 29107.9 37592.6  51295.2    55000
read     1330.9  1983.1   173.5   382.2   423.9   605.4   845.0   983.4  1067.5  2403.9  4540.3  4966.8  7699.6 28112.9 38003.7  51288.4    60000
read     1357.7  1983.6   173.5   411.0   445.0   601.0   892.4   997.8  1068.0  2694.5  4568.0  5022.5  7809.3 28388.8 36396.7  50350.4    65000
read     1426.5  2058.2   173.5   422.0   462.3   636.7   947.6  1062.0  1148.8  3793.4  4620.9  5090.7  7847.3 30145.6 37024.6  48114.8    70000
read     1368.9  2019.4   187.4   406.3   445.7   604.9   900.0  1016.8  1086.9  3366.3  4584.7  5051.2  7849.1 28748.6 37402.8  50047.8    75000
read     1343.0  1958.2   187.4   401.6   439.5   592.4   879.9   996.6  1070.3  2907.0  4571.4  5006.1  7680.9 25900.8 37070.0  50825.2    80000
read     1374.1  2025.5   187.4   416.7   450.2   607.3   916.2  1014.7  1082.2  3529.8  4590.6  5036.3  7706.4 30118.7 37552.5  49744.0    85000
read     1362.3  2059.9   173.5   391.5   429.4   627.9   866.8   992.2  1079.3  2450.6  4558.5  5042.2  7835.5 30476.3 38699.5  50431.4    90000
read     1371.0  2007.6   187.4   400.6   440.1   620.9   882.6  1023.9  1103.4  3554.5  4569.5  5025.2  7751.1 28782.6 37485.0  49884.6    95000
read     1377.9  2079.1   173.5   385.8   425.1   638.7   867.9   995.8  1095.9  2987.2  4560.3  5064.6  7776.7 30116.0 37937.8  49986.4   100000
read     1353.0  2073.0   173.5   383.3   424.0   606.0   869.7   983.3  1064.2  2358.2  4553.6  5039.9  7857.0 30545.9 36654.1  50851.1   105000
read     1322.5  1961.0   160.7   358.4   408.2   600.1   842.5   976.1  1059.1  2369.7  4525.3  4998.4  7698.6 27895.8 37095.8  51534.9   110000
Warning! Detected max cpu usage > 95%
CPU Usage Stats (avg/min/max): 90.06%,59.39%,100.00%

-----------------------------------------------------------------------------------------------------------------------------------------------------

Client measure run 2
#type       avg     std     min      p5     p10     p50     p67     p75     p80     p85     p90     p95     p99    p999   p9999     QPS   target
read      986.1  1195.6   160.7   244.3   277.2   502.1   835.6   918.3   995.7  1902.3  3085.4  3377.9  3876.0 12942.8 25254.5  29900.6    30000
read      894.4  1127.0   160.7   244.0   275.6   482.7   797.8   887.1   955.1  1090.2  2784.1  3148.6  3746.2 11538.4 30770.2  34929.6    35000
read      820.5   979.9   160.7   246.5   278.8   491.6   757.2   855.9   930.8  1031.5  2090.5  2843.8  3602.1  9393.7 25124.8  39966.2    40000
read      785.5   946.3   148.8   244.8   277.0   476.9   688.5   828.3   905.8  1009.8  1953.6  2692.4  3940.2  7945.1 25560.1  44975.4    45000
read      977.6  1549.3   160.7   268.2   308.0   530.3   698.4   847.4   940.5  1053.3  2203.0  4555.8  6003.7 19710.2 36816.5  49939.4    50000
read     1256.8  2010.8   173.5   348.7   390.5   586.1   764.9   890.4   978.5  1119.8  4446.5  5007.2  7750.2 29997.1 37185.9  53350.8    55000
read     1378.2  2087.6   187.4   409.5   444.6   613.1   898.5  1008.5  1082.4  2535.8  4584.5  5062.8  7756.6 30570.2 37571.3  49871.8    60000
read     1322.1  1952.5   187.4   383.4   421.2   600.4   850.6   981.4  1061.8  2347.9  4540.0  4984.6  7673.2 27238.7 35846.2  51387.8    65000
read     1406.5  2019.5   187.4   437.4   467.0   612.0   956.5  1045.1  1104.5  3692.4  4618.7  5057.1  7753.2 29557.2 36578.6  48650.8    70000
read     1307.0  1971.8   173.5   385.4   421.2   584.9   851.8   945.3  1006.8  2258.7  4537.7  4973.7  7755.6 28902.3 37473.4  52236.4    75000
read     1324.6  1988.2   187.4   386.1   422.9   591.3   841.4   975.0  1053.5  2331.6  4533.4  5006.9  7790.3 29240.1 36289.6  51643.6    80000
read     1378.4  1983.7   187.4   411.1   447.8   614.6   912.1  1028.7  1098.3  3612.3  4582.9  5034.4  7815.0 28405.1 36480.6  49684.4    85000
read     1365.6  2037.8   202.4   404.2   439.1   610.4   892.6  1001.0  1078.3  3141.0  4571.6  5017.1  7765.5 30225.7 37448.7  50226.6    90000
read     1341.3  1971.7   173.5   392.2   432.4   594.5   873.9   984.7  1063.1  2499.3  4570.4  4998.9  7661.5 29469.6 36210.8  50840.4    95000
read     1295.7  1920.6   187.4   365.8   406.7   589.9   819.8   948.5  1022.7  2219.1  4512.3  4979.6  7705.1 24878.4 36495.3  52665.2   100000
read     1400.7  2033.8   173.5   422.5   459.1   621.0   940.7  1037.7  1100.7  3635.3  4607.9  5052.3  7807.9 29437.7 37366.0  48957.9   105000
read     1291.2  1875.5   173.5   371.0   407.3   590.9   814.6   946.3  1034.2  2304.6  4509.9  4933.9  7581.9 22807.7 36313.8  52785.2   110000
Warning! Detected max cpu usage > 95%
CPU Usage Stats (avg/min/max): 90.03%,67.34%,100.00%

-----------------------------------------------------------------------------------------------------------------------------------------------------

Client measure run 3
#type       avg     std     min      p5     p10     p50     p67     p75     p80     p85     p90     p95     p99    p999   p9999     QPS   target
read      979.9  1163.2   160.7   242.2   274.0   496.1   833.1   911.0   986.3  1919.3  3104.7  3384.4  3858.5 12415.7 23663.1  29922.8    30000
read      874.1  1051.4   160.7   242.0   274.9   475.3   795.4   880.1   940.1  1058.1  2712.8  3114.9  3602.1 11330.6 28160.2  35031.4    35000
read      829.2   990.6   148.8   239.8   270.2   466.6   771.7   867.0   933.3  1047.5  2430.2  2972.7  3452.6 11992.4 24105.2  39919.4    40000
read      815.8  1068.2   160.7   249.1   281.2   477.8   657.2   831.5   909.9  1015.4  2030.2  2752.3  4936.7 11067.8 30309.1  45033.2    45000
read     1145.2  1799.3   148.8   299.3   353.6   578.9   796.1   943.4  1023.3  1138.6  3142.5  4837.6  7583.1 26272.5 37575.3  48697.0    50000
read     1408.4  2111.8   187.4   426.1   459.2   620.4   932.4  1032.0  1098.0  3634.3  4612.6  5064.0  7758.6 30367.4 39368.6  48785.0    55000
read     1369.1  2056.0   187.4   406.4   441.8   609.8   890.9   999.5  1073.6  2578.0  4579.1  5054.5  7881.6 28937.3 38660.8  50180.4    60000
read     1312.8  1989.3   187.4   381.8   417.6   592.0   826.6   954.9  1034.3  2225.9  4526.7  4989.7  7769.7 29097.3 37017.8  52148.4    65000
read     1316.2  2038.0   173.5   378.8   415.9   589.0   819.1   957.9  1039.8  1423.7  4531.0  5033.6  7818.4 28687.9 37931.4  52185.7    70000
read     1323.0  1937.5   187.4   388.0   425.7   601.5   856.9   965.0  1039.2  2349.8  4536.8  5001.3  7678.1 27971.6 35770.8  51447.8    75000
read     1366.8  2048.8   202.4   399.8   432.5   615.5   881.5   999.7  1079.8  3398.1  4578.7  5029.4  7699.4 30120.3 37921.9  50316.4    80000
read     1334.8  1943.4   187.4   385.9   427.1   618.2   862.2   978.1  1059.7  2739.7  4535.5  4982.4  7693.2 27752.4 38272.5  51119.2    85000
read     1363.9  2059.1   173.5   409.3   443.8   600.6   896.7  1001.8  1072.7  3479.6  4580.1  5029.5  7705.8 30490.7 38984.8  50399.4    90000
read     1353.8  1997.5   173.5   402.7   437.0   609.7   886.0   981.9  1052.9  2502.0  4565.1  5021.6  7886.1 28084.8 37622.6  50705.4    95000
read     1272.4  1912.7   173.5   361.8   395.9   598.8   801.4   905.2   989.8  1253.5  4485.7  4940.5  7702.8 26757.9 36930.1  53508.8   100000
read     1366.9  1991.1   173.5   404.4   440.2   615.1   893.0  1009.6  1087.2  3549.5  4579.9  5030.1  7823.3 28388.3 36524.5  50095.2   105000
read     1425.1  2151.8   187.4   420.9   454.3   635.2   925.9  1039.3  1129.0  3682.8  4614.0  5095.5  7917.4 30251.2 37696.1  48650.8   110000
Warning! Detected max cpu usage > 95%
CPU Usage Stats (avg/min/max): 89.85%,64.32%,100.00%




