Timestamp start: 1684486395589
Timestamp end: 1684487236005

#type       avg     std     min      p5     p10     p50     p67     p75     p80     p85     p90     p95     p99    p999   p9999      QPS   target
read      300.6   203.8    86.8   137.7   153.3   276.8   338.0   373.2   399.3   430.9   469.0   529.0   661.2  1713.1  7922.0  54322.2    54356
read      354.3   568.1    80.4   138.3   154.2   285.4   353.2   395.5   428.3   467.3   521.5   634.8  1611.8  6957.9 25493.2  47745.0    47600
read      287.5   268.7    80.4   128.5   141.5   242.8   304.2   345.6   378.0   415.0   456.4   508.5   909.9  3417.5  7384.2  45089.4    45196
read      308.3   366.8    80.4   135.1   150.3   266.1   329.1   367.0   395.7   430.8   476.0   546.6   763.4  4035.9 10368.5  98309.8    98387
read      288.3   300.4    80.4   130.8   144.6   251.1   309.4   343.2   369.3   400.1   440.2   500.2   688.2  3828.5  9092.7  92196.4    92201
read      290.0   248.4    80.4   129.5   143.2   253.0   311.2   346.9   375.5   411.1   455.9   515.9   809.6  3536.5  8376.6  56681.8    56780
read      312.9   478.9    80.4   131.5   145.7   259.6   324.5   365.1   396.5   434.0   479.2   545.7  1052.7  5817.4 15712.1  45557.4    45557
read      300.7   371.6    80.4   131.8   146.0   256.1   316.4   352.1   379.4   413.0   456.9   525.0   838.5  4437.9 11676.6  91016.4    91080
read      303.9   317.0    86.8   131.0   144.8   255.7   327.3   369.1   398.8   433.3   472.6   537.8   942.9  3594.7  8995.6  35664.0    35631
read      283.6   238.1    80.4   131.4   145.5   251.6   308.5   341.8   367.7   398.9   440.6   502.6   675.9  2787.5  6919.2  89283.0    89411
read      284.2   280.0    80.4   130.2   143.8   248.3   306.0   339.7   365.4   396.9   438.5   501.6   686.4  3231.4  9656.7  93122.8    93240
read      281.6   229.9    80.4   127.8   140.6   242.3   304.3   344.4   375.8   412.8   454.3   506.8   772.3  2412.5  8983.8  45798.6    45787
read      281.9   341.4    80.4   128.4   141.4   246.9   302.3   335.8   362.0   395.0   438.1   497.9   690.4  2766.9 11583.7  65255.0    65269
read      436.5  1168.7    86.8   130.6   144.8   298.4   378.9   432.1   468.8   509.8   566.0   668.6  3918.4 14862.4 35882.6  17308.0    17387
read      297.0   427.7    80.4   127.9   140.8   240.1   303.3   346.6   380.3   417.8   460.9   530.0  1036.3  6460.6 12805.6  43603.2    43640
read      288.5   373.1    80.4   129.8   143.3   252.1   309.6   343.0   369.0   400.3   443.1   502.6   690.7  3329.4 14394.3  80456.4    80455
read      298.0   345.3    80.4   131.3   145.2   257.8   318.7   355.7   383.8   418.9   464.0   532.6   991.8  2950.6  7756.5  68886.2    69040
read      433.7  1163.7    86.8   128.1   141.2   294.8   390.1   458.0   506.2   557.3   615.7   705.8  3293.0 14722.3 35759.6  21688.4    21588
read      302.3   371.5    80.4   129.9   143.6   254.9   313.7   349.4   377.5   413.4   460.1   535.6  1281.7  4422.5 11852.4  67371.4    67184
read      283.0   318.4    80.4   128.8   142.1   246.6   302.8   336.1   361.9   393.0   432.9   492.5   713.6  3177.3 12294.7  89476.4    89478
read      297.7   330.9    80.4   130.4   144.1   255.0   314.7   349.6   376.4   410.9   455.6   523.1  1041.4  3683.1 10078.2  79026.6    79108
read      303.2   389.9    80.4   131.4   145.3   259.4   325.6   365.6   395.6   431.0   471.9   534.4   823.0  4287.3 16067.5  44672.8    44792
read      285.3   251.9    80.4   129.2   142.6   250.0   306.3   341.1   369.2   403.7   449.4   509.1   808.7  2683.6  6778.1  63415.0    63602
read      386.8   784.1    80.4   128.2   141.5   291.0   382.8   449.9   501.2   558.0   617.3   704.3  2148.0  7468.6 35565.1  22563.8    22381
read      287.3   395.5    80.4   128.5   141.9   244.1   297.6   329.5   354.5   386.3   428.2   492.9  1202.1  4239.4 15188.8  92151.2    92105
read      281.3   327.6    80.4   127.9   140.6   244.8   299.4   333.9   361.8   396.4   440.5   497.9   756.1  2743.6 10072.0  58302.6    58129
read      374.0  1132.3    93.8   149.1   168.9   265.9   309.6   333.5   350.5   372.3   400.8   458.5  3101.0 14952.6 36973.5   6741.0     6820
read      400.5  1418.7   101.3   157.3   178.1   264.2   302.1   323.1   339.7   360.4   389.3   447.5  3591.6 29768.0 47992.7   5680.0     5679
read      417.1   949.9    86.8   129.4   142.9   296.5   393.8   467.3   518.8   570.1   627.5   717.8  3164.5 11343.1 32414.8  22180.0    22252
read      380.9   733.0    86.8   127.7   140.6   293.5   384.0   450.7   497.6   545.6   599.1   683.2  2285.1  5477.4 31804.8  21166.6    21162
read      442.9  1327.0    86.8   130.0   143.9   284.2   405.3   506.1   581.5   653.6   726.2   837.0  2864.4 15326.3 65870.9  27699.0    27605
read      403.2  1137.9    86.8   129.9   145.3   288.2   357.6   397.4   423.9   453.0   489.3   555.8  3598.4 15999.6 35760.8  13289.8    13304
read      417.4  1077.7    86.8   126.6   139.9   292.3   386.8   458.5   505.0   553.6   605.1   687.8  3276.0 14270.3 37558.3  21497.0    21476
read      292.2   324.8    80.4   129.9   143.5   249.1   305.2   338.4   364.5   397.3   442.1   508.8  1249.1  3736.7  9255.1  77389.6    77384
read      288.8   307.0    80.4   129.2   142.4   246.3   314.3   356.7   387.7   421.8   460.0   512.6   791.6  2730.5  9678.7  40536.6    40519
read      283.0   307.8    80.4   129.8   143.2   248.6   303.8   336.7   362.5   394.6   437.5   498.2   704.6  2842.4 10726.6  74513.4    74390
read      290.8   283.7    80.4   130.9   144.9   253.5   310.2   344.5   371.5   404.7   449.2   509.6   758.3  3832.2  9174.4  75075.2    75235
read      450.7  1294.9    80.4   128.7   142.3   296.1   380.6   441.3   484.4   531.1   586.2   683.9  4085.1 27017.6 36794.1  19819.6    19723
read      296.4   352.2    80.4   131.3   145.1   253.1   310.5   344.6   371.7   406.0   452.1   520.8  1203.4  3925.7 10062.9  77516.8    77764
read      279.5   207.3    80.4   129.2   142.3   246.5   303.6   340.2   369.4   404.6   448.7   503.6   677.1  2139.4  8236.3  52507.8    52389
read      286.0   274.7    80.4   129.3   142.6   248.9   306.0   341.2   369.1   403.7   448.7   507.3   800.2  2897.9  7516.6  58110.0    58150
read      274.8   212.5    80.4   128.4   141.2   245.8   299.2   330.8   355.2   385.8   426.3   484.5   658.0  2396.0  7452.2  78602.6    78733
read      369.5   901.0   101.3   154.4   174.1   268.8   312.5   337.0   355.2   377.7   407.4   471.0  3065.2 12478.6 31854.9   6222.6     6174
read      304.9   363.9    86.8   131.1   145.3   259.0   319.3   356.9   385.6   421.5   467.6   543.8  1221.6  4113.7  8781.6  70721.0    70900
read      390.9   753.6    86.8   128.8   142.0   284.3   385.7   454.6   511.0   571.5   635.2   723.9  2333.6  8126.0 31602.4  24243.6    24333
read      419.3   909.5    86.8   130.3   144.2   289.9   401.6   484.8   549.4   608.1   675.2   777.7  2936.0 12543.2 32011.0  26391.4    26308
read      296.5   317.5    80.4   131.8   146.0   254.9   313.2   348.4   376.9   413.4   460.9   530.8  1055.5  3204.5  9833.2  61948.8    61845
read      307.2   439.0    80.4   127.6   140.4   240.7   317.2   365.2   399.1   437.6   488.7   651.7   997.6  4193.6 15017.4  36304.2    36338
read      289.3   342.9    80.4   129.6   143.2   246.5   303.7   337.1   362.3   392.8   433.4   496.8   945.1  4096.6  9418.5  94665.2    94684
read      277.6   242.2    80.4   129.1   142.1   246.3   299.9   331.4   356.0   386.7   427.5   486.7   678.9  2845.2  6275.6  79258.2    79354
read      279.4   242.1    80.4   129.0   142.2   246.3   302.8   335.1   359.7   389.6   428.7   488.1   680.6  2850.8  7232.2  90714.2    90892
read      276.9   290.9    80.4   128.7   141.8   244.1   299.9   331.8   356.1   386.0   424.4   481.3   632.6  2720.6  9857.1  93103.0    92979
read      385.6   639.0    86.8   127.7   140.7   277.4   384.4   461.2   528.8   595.3   665.5   757.0  2237.8  7637.0 29707.9  27095.0    27039
read      281.1   295.2    74.4   128.0   141.0   243.4   298.6   330.8   355.5   386.0   426.5   488.7  1073.3  2961.0 11375.6  88348.2    88390
read      283.0   273.9    86.8   127.8   140.7   241.3   304.1   345.0   376.3   410.5   450.3   502.1   758.7  3019.9  8776.9  42082.0    42150
read      420.4  1117.0    86.8   128.8   142.6   292.5   372.5   428.8   465.7   502.9   550.5   629.0  3916.1 11576.1 37230.0  16556.4    16624
read      296.1   527.1    80.4   127.5   140.4   242.3   298.6   336.0   365.9   402.4   446.6   506.3  1057.6  6431.3 27572.1  49511.2    49444
read      283.0   219.7    80.4   129.8   143.3   250.1   306.6   341.5   369.9   404.0   448.3   505.3   706.5  2776.3  6278.3  57349.4    57180
read      389.5   938.3    86.8   129.1   143.2   288.3   361.2   407.2   439.8   474.2   515.9   586.0  3218.9 11694.4 32301.0  15335.4    15247
read      291.3   339.6    80.4   129.9   143.7   250.7   308.8   342.7   369.0   401.4   445.0   511.2   923.0  3541.7 10958.0  90394.4    90717
read      287.0   312.4    80.4   129.5   143.1   248.5   306.5   340.6   366.7   398.1   439.0   501.3   698.1  3981.7  9364.2  97353.6    97293
read      409.0   916.8    86.8   127.6   140.5   253.1   365.8   452.0   552.0   652.5   741.4   861.0  2451.2 11922.6 32073.1  34723.6    34742
read      294.7   381.3    80.4   129.4   142.7   250.0   306.1   340.1   367.5   402.3   449.2   513.5  1165.9  4166.3 11077.9  65978.8    66029
read      285.3   321.2    80.4   128.6   141.7   246.4   303.7   339.1   367.9   402.5   446.6   504.4   798.8  3496.9  9573.4  54948.4    54849
read      290.3   255.4    74.4   131.0   144.8   256.7   316.0   351.1   378.2   411.6   454.1   514.0   692.4  3128.2  5921.9  73932.0    73998
read      318.5   454.7    80.4   129.1   142.5   249.0   325.4   372.8   405.9   445.2   497.8   665.9  1051.5  5551.1 17683.8  35362.8    35373
read      430.2   951.4    86.8   129.3   143.2   282.5   400.8   495.5   571.8   641.4   714.9   819.1  3047.1  9981.3 32308.3  27349.8    27389
read      305.9   342.7    80.4   132.3   146.9   259.6   320.3   357.5   386.1   421.8   467.6   542.4  1293.0  3554.4 11411.7  79367.0    79316
read      402.6   938.8    86.8   127.7   141.1   286.8   373.2   436.5   485.0   535.3   588.7   673.8  3438.4 10456.4 31941.6  21608.0    21593
read      298.3   373.7    80.4   130.3   143.8   250.2   311.0   349.0   379.8   417.1   461.6   531.1  1010.4  3939.0 10979.5  49948.4    50060
read      283.2   310.4    80.4   128.9   142.0   246.7   301.0   335.8   363.9   398.9   442.5   499.0   723.5  3825.3  9735.8  57447.4    57418
read      361.5   740.6    86.8   130.7   144.1   284.0   352.6   392.8   425.3   468.1   528.2   621.2  2133.1 10484.8 32400.0  19031.0    19091
read      297.7   350.2    80.4   130.6   144.3   252.0   310.1   344.4   371.2   404.4   449.6   519.1  1253.5  4254.4  9942.7  81977.0    81917
read      406.7   887.6    86.8   128.4   141.4   267.5   374.3   452.8   536.2   617.2   695.5   799.7  2622.6 10304.8 36008.7  29322.0    29281
read      293.6   342.3    80.4   128.9   142.2   250.9   306.1   339.8   367.2   401.2   446.0   510.5  1093.9  4366.8  9812.8  64432.4    64378
read      288.5   300.7    80.4   128.9   142.6   253.6   312.2   347.7   376.7   412.0   455.4   513.0   729.6  2519.6 14536.1  53595.4    53555
read      276.8   266.3    80.4   128.7   142.1   245.2   300.6   332.2   356.5   386.6   425.8   482.8   638.3  3154.1 10403.7  89141.8    89199
read      285.8   233.0    80.4   128.4   141.8   252.8   310.1   344.2   371.9   405.6   449.1   506.0   760.0  3055.4  7578.7  58593.6    58449
read      289.1   306.4    80.4   128.6   142.1   253.2   311.6   346.2   374.3   408.8   452.5   510.9   802.7  2654.5 11776.7  56823.6    56791
read      282.5   354.0    80.4   127.7   140.2   238.7   305.0   346.1   376.4   409.6   447.1   497.7   740.0  4160.6 15446.2  37469.6    37273
read      296.0   384.0    80.4   129.7   143.3   251.3   315.9   356.0   386.7   422.3   463.8   523.6   885.1  3246.6 19118.5  42886.2    42924
read      452.9  1615.0    93.8   144.6   164.5   287.0   338.7   368.9   389.9   414.0   447.0   517.6  4377.3 31455.5 37874.1   8973.0     8913
read      432.1   888.0    86.8   134.0   148.5   278.9   388.3   469.2   563.2   665.8   765.6   896.2  2807.9 11128.5 32029.0  31100.4    31030
read      305.1   351.7    80.4   133.2   147.9   258.5   319.4   356.1   384.1   419.3   464.6   540.0  1285.0  3882.7  9614.1  90918.4    91023
read      435.4  1279.7    86.8   131.1   145.0   294.9   376.2   433.6   476.6   524.1   578.9   663.6  3742.8 19146.1 39684.1  19089.0    19180
read      300.4   393.0    80.4   131.0   144.8   253.8   310.5   345.0   373.5   410.5   457.9   527.6  1139.5  5164.0 12552.9  59450.4    59514
read      384.8   994.0    86.8   139.0   157.0   283.1   343.1   378.4   403.3   432.7   468.1   534.8  3517.0 12218.1 32248.6  10804.4    10843
read      295.9   340.9    80.4   131.5   145.6   253.0   311.2   344.8   371.4   403.9   449.4   520.1  1132.4  4066.2  8738.4  85095.6    85259
read      295.8   271.5    86.8   132.3   146.5   253.8   317.9   359.2   391.1   427.5   468.5   529.7   833.0  3100.0  8134.5  44170.2    44091
read      284.9   196.0    80.4   128.3   141.9   250.8   309.3   344.9   373.6   409.4   453.4   510.3   834.0  2291.8  5672.9  52384.4    52438
read      427.4  1244.8    86.8   129.8   143.8   293.9   372.0   426.0   463.1   503.8   554.7   635.3  3724.9 18936.5 41060.1  17728.6    17637
read      285.6   281.7    80.4   129.5   143.1   248.7   303.5   336.0   361.1   392.6   434.7   495.9  1006.2  3151.3 10327.6  75452.6    75299
read      286.2   261.8    80.4   128.7   142.1   248.2   305.9   342.2   371.5   407.0   450.7   506.0   785.1  3679.8  7648.4  51164.8    51160
read      404.6  1188.5    93.8   136.4   153.5   289.6   354.4   392.5   418.1   446.4   481.7   546.3  3147.3 16113.6 36210.9  11823.6    11742
read      289.9   340.5    80.4   130.5   144.1   248.7   303.8   336.0   361.2   393.0   435.5   501.2  1077.3  3918.3 10059.4  80396.6    80490
read      280.9   232.5    80.4   130.2   143.8   249.2   303.8   335.7   360.7   391.7   432.5   494.2   692.0  2754.9  6874.0  88861.8    88799
read      280.6   288.1    80.4   128.8   142.0   247.9   301.8   334.1   360.1   392.6   433.9   493.0   676.6  3044.2  8704.5  67491.0    67527
read      294.7   405.2    80.4   130.3   144.3   253.4   310.8   344.6   371.4   404.8   450.0   508.8   824.1  4437.3 13735.9  63840.8    63805
read      400.9   981.8    86.8   129.8   143.3   292.8   374.3   430.9   470.6   511.9   564.4   641.5  3309.9 10486.1 36357.4  17979.2    17948
read      287.6   320.7    80.4   129.0   142.3   249.4   303.7   335.9   361.7   394.4   438.7   502.7  1081.0  3045.2  9119.6  69697.4    69484
read      281.0   231.3    80.4   129.4   142.8   250.1   304.6   336.2   361.0   392.4   434.3   494.5   691.0  2982.0  7572.8  71029.6    70735
read      380.9  1196.9    86.8   148.3   168.0   261.2   301.0   323.8   340.2   360.9   389.0   441.0  3528.8 24566.9 36745.8   6778.2     6709
read      296.8   380.9    80.4   129.8   143.5   247.2   305.5   342.9   373.3   410.9   457.1   529.7  1094.6  4563.4 14321.9  52663.6    52655
read      283.8   274.1    80.4   129.2   142.6   250.9   308.0   341.0   366.9   398.8   441.3   499.7   693.1  3033.7  8242.2  67567.0    67400
read      401.3  1098.3    86.8   130.2   144.3   288.5   363.9   412.1   446.1   483.0   528.4   599.5  3276.5 13692.4 37611.6  15848.4    15954
read      296.1   365.1    80.4   131.4   145.4   252.3   309.6   342.9   369.6   402.2   446.4   513.4  1131.6  3873.7 12154.3  85880.4    85996
read      291.6   365.7    80.4   132.4   146.5   253.1   310.7   343.6   369.5   400.8   443.1   506.1   753.7  3463.6 10850.0  83416.8    83463
read      285.8   272.9    80.4   132.5   146.6   252.6   306.6   338.7   364.1   396.1   438.2   497.4   686.0  3201.4  8668.6  71121.2    71188
read      421.1  1036.8    80.4   131.0   144.8   287.0   389.4   465.1   532.9   598.7   669.2   770.8  2865.3 13627.5 35177.9  25631.6    25675
read      288.3   360.6    80.4   130.2   143.9   250.2   303.9   335.4   360.6   392.7   435.1   498.0  1008.5  4046.7 10847.7  71594.0    71679
read      402.6   839.3    86.8   131.7   145.6   295.2   387.9   454.0   505.4   561.3   622.7   712.7  2849.2  9260.2 31680.2  20918.2    20853
read      298.1   284.7    80.4   131.4   145.8   260.5   319.7   355.7   383.9   418.8   462.7   529.2  1022.6  3150.0  9639.2  61175.0    61035
read      381.8  1039.4    93.8   136.7   153.5   279.8   339.0   374.1   398.0   425.4   460.4   526.1  3437.0 10486.2 32485.4  11031.4    11012
read      294.0   353.1    80.4   128.3   141.4   249.3   304.3   337.2   363.9   397.2   443.9   510.5  1242.7  4487.3 11030.4  66925.4    66986
read      292.7   317.8    80.4   130.9   144.8   254.1   312.7   346.4   373.3   405.4   448.7   509.8   787.7  3720.9  9838.8  86907.6    86907
read      418.3  1396.5    93.8   143.2   162.0   272.7   323.1   352.0   372.4   396.3   428.2   492.0  3939.1 29897.2 32497.3   8873.4     8946
read      426.5   995.3    86.8   130.7   144.3   289.6   392.4   474.6   538.2   597.0   665.2   762.5  3342.4 13061.9 35566.5  23806.2    23855
read      303.2   365.6    86.8   133.3   147.8   257.5   315.2   349.3   376.6   411.6   458.7   533.6  1252.7  3773.2 10160.2  70948.8    71095
read      293.9   325.7    86.8   132.9   147.1   257.1   315.3   348.7   374.7   407.3   450.9   514.5   748.8  3373.7 14235.4  83172.2    83103
read      409.0   986.2    86.8   131.5   145.9   297.2   376.4   432.3   473.1   518.7   573.8   662.7  3063.1 13166.7 32202.1  18023.0    18032
read      317.8   408.4    80.4   132.8   147.4   262.7   330.3   371.1   402.2   441.1   492.2   586.6  1261.5  4059.1 15685.3  55765.6    55595
read      288.3   307.1    80.4   131.2   144.9   253.4   310.0   342.7   368.8   400.2   442.7   503.2   692.7  3198.7 10166.9  77069.0    77132
read      285.4   215.8    80.4   130.6   144.3   252.1   308.2   341.8   368.8   402.1   446.0   506.8   814.2  2432.6  7870.1  72926.8    72975
read      401.3   820.7    86.8   129.9   143.5   261.5   369.5   446.2   533.5   634.0   728.1   847.3  2044.1 10573.5 32303.0  33692.8    33629
read      294.5   375.8    80.4   130.6   144.3   253.4   309.9   343.3   369.9   402.8   446.5   508.4   920.8  4643.7 10286.0  73356.6    73334
read      278.9   210.2    80.4   129.9   143.3   247.4   304.5   337.1   362.0   392.3   431.8   492.3   671.8  2660.9  6457.1  92102.0    91953
read      287.2   279.4    80.4   129.8   143.2   250.5   306.1   338.6   364.6   397.5   441.4   504.9   896.1  3297.7  8987.6  73657.4    73736
read      405.0  1105.9    86.8   137.2   153.4   288.2   352.6   391.5   419.1   450.8   492.3   583.2  3058.8 11067.4 41031.1  11817.2    11694
read      450.9  1093.6    86.8   129.9   143.4   276.4   390.7   490.5   575.6   651.9   732.7   864.0  3350.0 15402.3 35752.3  28880.4    28936
read      298.0   334.2    80.4   131.9   145.8   254.9   314.2   349.8   378.4   413.9   458.9   528.1  1178.8  2971.3 10125.8  64068.0    64282
read      296.7   299.9    80.4   130.3   144.3   255.8   314.9   351.2   379.6   414.6   459.1   527.1  1047.7  3457.1  8125.0  60423.6    60223
read      273.7   195.9    74.4   126.8   139.3   235.6   298.7   339.4   369.1   401.1   436.9   487.0   711.9  2323.8  5619.5  39831.2    39992
read      273.4   259.1    80.4   126.8   139.8   240.1   293.8   328.7   356.5   390.6   431.6   485.2   669.8  2614.7  7559.2  53468.0    53314
read      425.8   963.1    86.8   133.3   148.1   301.7   393.6   456.1   502.5   558.5   627.1   732.5  3171.0  9458.7 37353.0  17245.4    17229
read      336.2   388.4    80.4   136.9   152.0   282.8   352.1   395.0   427.3   465.4   515.7   608.2  1379.0  4044.3 14229.6  52971.8    53013
read      298.1   232.0    80.4   135.2   149.6   264.5   325.9   363.0   390.8   424.6   467.3   535.7   727.9  2695.4  6792.2  92875.6    92725
read      298.5   404.5    86.8   134.7   148.1   263.9   334.2   369.7   393.5   419.9   451.1   497.3   687.9  4122.1 17054.9  24765.8    24895
read      295.7   216.0    86.8   133.7   147.8   265.0   326.4   361.5   388.0   420.1   461.6   524.0   739.6  2542.5  7137.4  74287.2    74576
read      302.5   357.6    80.4   133.4   147.6   265.1   324.9   361.4   389.2   423.8   466.7   530.4   848.1  3446.3 10858.0  56693.0    56699
read      290.9   254.2    80.4   132.7   147.0   256.6   318.3   355.2   382.2   413.9   454.3   514.2   689.5  2730.2  9697.7  97420.2    97600
read      309.5   243.8    86.8   135.1   149.8   273.5   338.7   376.3   404.7   440.4   485.7   554.7   877.3  2853.3  7490.5  71605.6    71534
read      302.1   221.6    86.8   135.4   150.2   271.3   333.7   370.4   398.7   434.2   478.7   542.4   731.7  2247.5  8055.6  53663.6    53645
read      303.1   296.5    86.8   135.2   149.6   267.9   330.6   366.6   393.7   427.2   470.0   535.6   747.1  2953.3 13570.6  73465.2    73430
read      295.3   256.0    86.8   134.5   148.7   262.8   322.6   358.0   384.3   416.2   458.3   522.2   715.6  2692.1  8060.6  82605.4    82631
read      291.2   246.5    86.8   132.0   145.8   261.1   317.4   351.6   379.2   413.9   458.0   516.9   705.4  2323.6 10657.1  54437.4    54403
read      284.4   194.6    80.4   132.8   146.9   256.4   315.0   348.2   373.6   403.8   443.2   501.6   639.8  2098.5  6843.3  86606.4    86505
read      283.8   220.2    80.4   131.7   146.1   255.9   314.2   346.8   372.1   401.6   439.8   498.3   635.2  2428.5  7849.3  83692.2    83735
read      270.7   145.4    80.4   128.9   143.1   247.1   303.2   335.8   360.4   389.9   427.0   480.8   593.5  1516.7  4293.5  95102.4    94923
read      278.5   212.1    80.4   133.8   148.3   269.7   327.9   353.2   369.8   388.6   410.3   444.4   529.5  1135.5  8834.8  19367.4    19613
read      282.6   190.1    80.4   135.0   149.9   262.1   329.9   361.4   382.3   404.0   431.3   469.3   569.0  1071.8  7966.0  24297.2    24359
read      281.9   206.1    80.4   131.1   145.9   256.2   315.4   349.3   374.1   403.8   442.1   497.1   617.5  1874.5  8971.7  83484.2    83310
read      279.1   157.9    80.4   130.9   145.3   254.8   312.3   345.1   370.3   400.3   437.6   493.9   619.6  1645.0  5393.9  73673.4    73645
read      274.6   202.0    80.4   129.6   144.0   249.9   306.2   338.3   362.7   392.1   429.5   485.3   608.7  1813.7  5940.0  89727.4    89707
read      279.2   162.6    80.4   130.7   145.2   250.8   320.2   358.5   384.6   412.9   445.7   490.7   592.0  1050.8  6373.5  34562.2    34540
read      281.1   181.0    80.4   131.4   146.3   254.7   313.5   346.9   372.6   402.8   442.1   500.0   624.7  1956.8  6633.3  92682.2    92692
read      279.1   164.1    80.4   130.5   144.9   252.9   313.4   349.1   375.9   407.0   444.1   496.3   601.6  1316.1  5645.6  50644.6    50564
read      283.0   164.7    80.4   131.4   146.0   259.0   318.9   353.1   378.1   407.6   445.9   501.0   623.8  1485.8  5994.5  69750.6    69746
read      269.2   197.7    93.8   149.4   167.8   265.1   294.7   310.4   320.4   334.1   349.1   373.1   443.3  3275.7  8465.4   8998.0     9038
read      301.4   166.1    86.8   139.1   155.5   282.2   340.3   373.6   398.5   428.4   464.7   517.8   640.2  1425.5  5796.7  44385.6    44527
read      292.2   172.1    80.4   135.2   151.0   269.9   329.8   363.7   388.7   418.5   456.4   511.9   636.8  1693.5  5285.9  76176.4    76137
read      282.8   183.5    80.4   131.4   146.5   260.2   317.6   350.6   375.1   404.8   443.3   498.8   622.1  1580.9  5973.7  78158.8    78097
read      285.5   151.7    80.4   130.7   145.6   263.1   323.2   357.5   382.8   413.0   451.1   504.9   629.4  1430.3  4189.8  58018.2    57917
read      283.2   181.8    80.4   130.1   144.6   257.4   320.5   357.0   383.2   413.3   449.7   501.0   623.1  1358.7  7616.0  44677.8    44637
read      273.1   237.1    86.8   140.7   156.4   268.9   306.4   324.0   336.7   350.7   369.4   398.7   473.6  3137.2 12411.7  12107.6    11960
read      293.7   182.9    80.4   136.2   152.2   272.8   334.1   368.1   392.0   419.4   453.4   502.1   629.3  1156.0  7558.0  33421.8    33407
read      296.6   166.1    80.4   136.1   152.0   274.7   335.4   369.8   395.3   425.4   462.3   516.9   642.0  1460.8  5586.1  46734.0    46639
read      293.0   202.4    80.4   133.8   149.6   269.4   331.0   366.5   392.4   422.4   458.4   507.8   635.9  1374.0  8774.5  42145.2    42094
read      285.1   170.0    80.4   133.0   148.5   263.2   326.2   360.8   384.6   410.6   443.1   490.7   605.2  1035.7  6921.4  33315.4    33265