1684946816913 0.0
1684946817914 0.0
1684946818915 0.0
1684946819917 0.0
1684946820918 1.0
1684946821919 9.0
1684946822920 11.0
1684946823921 10.0
1684946824923 11.0
1684946825924 10.0
1684946826925 1.0
1684946827926 3.0
1684946828928 17.0
1684946829929 17.0
1684946830930 18.0
1684946831932 17.0
1684946832932 17.0
1684946833934 0.0
1684946834935 8.0
1684946835936 23.0
1684946836937 25.0
1684946837938 25.0
1684946838939 25.0
1684946839941 19.0
1684946840942 0.0
1684946841943 16.0
1684946842944 31.0
1684946843945 31.0
1684946844947 30.0
1684946845948 31.0
1684946846949 15.0
1684946847950 0.0
1684946848951 30.0
1684946849952 37.0
1684946850953 39.0
1684946851955 37.0
1684946852956 40.0
1684946853957 9.0
1684946854959 0.0
1684946855960 45.0
1684946856961 45.0
1684946857962 44.0
1684946858964 45.0
1684946859965 43.9
1684946860966 1.0
1684946861968 11.0
1684946862969 48.9
1684946863971 49.9
1684946864972 48.9
1684946865974 49.9
1684946866975 40.0
1684946867976 0.0
1684946868977 24.0
1684946869979 56.0
1684946870980 54.9
1684946871981 55.0
1684946872982 55.9
1684946873984 32.0
1684946874985 0.0
1684946875986 41.0
1684946876988 61.0
1684946877989 58.9
1684946878990 56.9
1684946879991 56.9
1684946880993 19.0
1684946881994 1.0
1684946882996 57.9
1684946883997 63.9
1684946884998 61.9
1684946886000 59.9
1684946887001 61.9
1684946888003 7.0
1684946889005 9.0
1684946890006 69.9
1684946891008 64.9
1684946892009 65.9
1684946893010 65.9
1684946894012 59.9
1684946895013 0.0
1684946896015 26.0
1684946897016 72.9
1684946898017 73.9
1684946899019 72.9
1684946900021 70.9
1684946901022 47.9
1684946902023 0.0
1684946903025 45.9
1684946904026 81.0
1684946905027 78.9
1684946906028 79.9
1684946907029 79.9
1684946908031 37.0
1684946909032 0.0
1684946910034 63.9
1684946911035 82.9
1684946912037 80.9
1684946913038 83.9
1684946914040 82.0
1684946915040 18.0
1684946916042 1.0
1684946917043 90.9
1684946918045 89.9
1684946919046 86.9
1684946920047 88.9
1684946921049 85.9
1684946922050 0.0
1684946923052 24.0
1684946924053 95.0
1684946925054 95.9
1684946926055 94.9
1684946927057 93.9
1684946928058 73.9
1684946929059 0.0
1684946930061 46.9
1684946931062 94.9
1684946932064 95.9
1684946933066 96.0
1684946934066 96.9
1684946935068 49.9
1684946936069 0.0
1684946937071 70.9
1684946938072 98.9
1684946939074 99.9
1684946940075 99.9
1684946941077 98.9
1684946942078 31.0
1684946943079 1.0
1684946944081 89.9
1684946945082 99.9
1684946946084 98.9
1684946947085 100.9
1684946948087 98.9
1684946949088 10.0
1684946950089 11.0
1684946951091 99.9
1684946952092 98.9
1684946953094 100.9
1684946954095 98.9
1684946955096 89.9
1684946956098 0.0
1684946957099 34.0
1684946958100 99.9
1684946959101 99.9
1684946960102 98.9
1684946961104 99.9
1684946962106 66.9
1684946963107 0.0
1684946964108 56.9
1684946965110 99.9
1684946966111 98.9
1684946967113 99.9
1684946968114 98.9
1684946969115 44.0
1684946970117 0.0
1684946971118 79.9
1684946972120 99.9
1684946973121 99.9
1684946974122 99.9
1684946975124 98.9
1684946976125 23.0
1684946977127 2.0
1684946978128 99.9
1684946979130 99.9
1684946980131 99.9
1684946981133 99.9
1684946982134 97.9
1684946983136 0.0
1684946984137 26.0
1684946985138 99.9
1684946986140 99.9
1684946987141 99.0
1684946988142 100.0
1684946989142 74.9
1684946990144 0.0
1684946991145 0.0
1684946992146 1.0