1684968350685 0.0
1684968351687 0.0
1684968352688 0.0
1684968353689 0.0
1684968354691 1.0
1684968355692 1.0
1684968356693 8.0
1684968357695 8.0
1684968358696 9.0
1684968359697 9.0
1684968360698 10.0
1684968361699 0.0
1684968362701 4.0
1684968363702 16.0
1684968364704 16.0
1684968365705 16.0
1684968366706 17.0
1684968367708 12.0
1684968368709 0.0
1684968369710 11.0
1684968370712 22.0
1684968371713 22.0
1684968372715 21.0
1684968373716 23.0
1684968374716 13.0
1684968375718 0.0
1684968376719 20.0
1684968377721 30.0
1684968378722 29.0
1684968379723 28.0
1684968380724 29.0
1684968381726 10.0
1684968382727 0.0
1684968383729 31.0
1684968384730 37.0
1684968385731 34.0
1684968386733 35.0
1684968387734 35.0
1684968388736 5.0
1684968389737 4.0
1684968390738 40.0
1684968391740 40.0
1684968392741 39.0
1684968393743 40.0
1684968394744 36.0
1684968395745 0.0
1684968396747 15.0
1684968397748 47.9
1684968398749 46.9
1684968399751 46.9
1684968400752 46.9
1684968401754 30.0
1684968402755 0.0
1684968403756 29.0
1684968404758 51.9
1684968405759 52.9
1684968406760 52.9
1684968407762 50.9
1684968408763 23.0
1684968409765 0.0
1684968410766 45.9
1684968411767 57.9
1684968412769 58.9
1684968413770 56.9
1684968414772 57.9
1684968415773 13.0
1684968416774 0.0
1684968417776 61.9
1684968418777 62.0
1684968419778 59.9
1684968420779 59.9
1684968421780 60.9
1684968422782 1.0
1684968423783 15.0
1684968424785 66.9
1684968425786 63.9
1684968426787 63.9
1684968427789 61.9
1684968428790 48.9
1684968429792 0.0
1684968430793 31.0
1684968431794 68.9
1684968432796 70.9
1684968433797 66.9
1684968434799 68.9
1684968435800 42.9
1684968436802 0.0
1684968437803 48.9
1684968438804 71.9
1684968439806 72.9
1684968440807 71.9
1684968441809 73.0
1684968442810 27.0
1684968443811 1.0
1684968444812 70.9
1684968445814 82.9
1684968446815 80.9
1684968447816 81.9
1684968448818 79.9
1684968449819 12.0
1684968450820 9.0
1684968451822 85.0
1684968452822 83.9
1684968453824 85.9
1684968454825 84.9
1684968455827 77.9
1684968456828 0.0
1684968457830 29.0
1684968458831 88.9
1684968459833 90.9
1684968460834 90.9
1684968461835 92.9
1684968462837 57.9
1684968463838 0.0
1684968464840 52.9
1684968465841 97.0
1684968466842 100.0
1684968467842 97.0
1684968468843 97.9
1684968469845 46.9
1684968470846 0.0
1684968471847 75.9
1684968472849 98.9
1684968473850 100.9
1684968474852 98.9
1684968475853 99.9
1684968476854 24.0
1684968477856 0.0
1684968478857 99.9
1684968479859 99.9
1684968480860 98.9
1684968481862 98.9
1684968482863 99.9
1684968483864 1.0
1684968484865 24.0
1684968485867 98.9
1684968486868 100.9
1684968487870 98.9
1684968488871 99.9
1684968489873 76.9
1684968490874 1.0
1684968491875 45.0
1684968492877 99.9
1684968493878 99.9
1684968494879 99.9
1684968495880 98.9
1684968496882 54.9
1684968497883 0.0
1684968498885 68.9
1684968499886 99.9
1684968500888 98.9
1684968501889 100.0
1684968502890 98.9
1684968503891 33.0
1684968504892 0.0
1684968505894 87.9
1684968506895 98.9
1684968507897 99.9
1684968508898 99.9
1684968509900 99.9
1684968510901 13.0
1684968511902 12.0
1684968512904 99.9
1684968513905 98.9
1684968514907 99.9
1684968515908 99.9
1684968516910 89.9
1684968517911 0.0
1684968518913 35.0
1684968519914 98.9
1684968520915 98.9
1684968521917 99.9
1684968522918 98.9
1684968523920 66.9
1684968524921 0.0
1684968525922 0.0
1684968526923 0.0