1684946454965 0.0
1684946455966 0.0
1684946456967 0.0
1684946457969 1.0
1684946458970 1.0
1684946459971 9.0
1684946460973 10.0
1684946461974 10.0
1684946462976 9.0
1684946463977 10.0
1684946464978 1.0
1684946465980 3.0
1684946466981 17.0
1684946467982 19.0
1684946468984 18.0
1684946469985 17.0
1684946470986 15.0
1684946471988 0.0
1684946472989 9.0
1684946473991 24.0
1684946474992 24.0
1684946475994 25.0
1684946476995 26.0
1684946477996 15.0
1684946478998 1.0
1684946479999 18.0
1684946481001 31.0
1684946482002 31.0
1684946483003 31.0
1684946484005 29.0
1684946485006 14.0
1684946486008 1.0
1684946487009 30.0
1684946488010 39.0
1684946489012 38.0
1684946490013 38.0
1684946491014 39.0
1684946492016 10.0
1684946493017 0.0
1684946494019 41.0
1684946495020 43.0
1684946496022 43.0
1684946497023 43.0
1684946498024 43.0
1684946499026 1.0
1684946500027 11.0
1684946501028 49.9
1684946502030 46.9
1684946503031 47.9
1684946504033 48.9
1684946505034 39.0
1684946506035 0.0
1684946507037 25.0
1684946508038 56.9
1684946509040 55.9
1684946510041 53.9
1684946511043 53.9
1684946512044 33.0
1684946513045 0.0
1684946514047 39.0
1684946515048 58.9
1684946516050 57.9
1684946517051 60.0
1684946518052 56.9
1684946519053 21.0
1684946520054 0.0
1684946521056 58.9
1684946522057 61.9
1684946523059 64.9
1684946524060 62.9
1684946525061 60.9
1684946526063 10.0
1684946527064 6.0
1684946528065 68.9
1684946529067 64.9
1684946530068 63.9
1684946531070 64.9
1684946532071 59.0
1684946533072 0.0
1684946534073 25.0
1684946535074 71.9
1684946536076 72.9
1684946537077 75.9
1684946538079 74.9
1684946539080 51.9
1684946540082 0.0
1684946541083 43.0
1684946542084 76.9
1684946543086 77.9
1684946544087 77.9
1684946545089 77.9
1684946546090 37.0
1684946547092 0.0
1684946548093 62.9
1684946549094 83.9
1684946550096 83.9
1684946551097 82.9
1684946552098 82.9
1684946553100 20.0
1684946554101 1.0
1684946555103 85.9
1684946556104 90.9
1684946557106 90.9
1684946558107 88.9
1684946559108 91.9
1684946560109 3.0
1684946561111 21.0
1684946562112 91.9
1684946563114 93.9
1684946564115 94.9
1684946565117 93.9
1684946566118 72.9
1684946567119 0.0
1684946568121 44.0
1684946569122 98.9
1684946570123 99.0
1684946571123 97.9
1684946572125 98.0
1684946573125 56.9
1684946574127 0.0
1684946575128 65.9
1684946576129 99.9
1684946577131 99.9
1684946578132 98.9
1684946579134 99.9
1684946580135 34.0
1684946581137 0.0
1684946582138 89.9
1684946583140 99.9
1684946584141 98.9
1684946585142 99.9
1684946586143 100.0
1684946587144 12.0
1684946588145 10.0
1684946589147 100.9
1684946590148 97.9
1684946591149 99.9
1684946592150 99.9
1684946593152 89.9
1684946594153 1.0
1684946595154 32.0
1684946596155 100.0
1684946597156 98.9
1684946598157 100.9
1684946599159 98.9
1684946600160 68.9
1684946601161 0.0
1684946602163 54.9
1684946603164 98.9
1684946604165 99.9
1684946605167 99.9
1684946606168 99.9
1684946607170 44.9
1684946608171 0.0
1684946609173 75.9
1684946610174 99.9
1684946611176 98.9
1684946612177 100.9
1684946613178 98.9
1684946614180 26.0
1684946615181 0.0
1684946616183 96.9
1684946617184 98.9
1684946618185 99.9
1684946619187 99.9
1684946620188 99.9
1684946621190 3.0
1684946622191 21.0
1684946623192 98.9
1684946624194 99.9
1684946625195 99.9
1684946626196 99.0
1684946627197 79.9
1684946628198 0.0
1684946629199 0.0
1684946630201 0.0
1684946631202 0.0